 5.55902080e+02 -3.89371781e+06
 5.75492916e+02 1.95392979e+07
 5.95083752e+02 2.01529635e+07
 6.14674589e+02 1.10310631e+07
 6.34265425e+02 1.74228504e+07
 6.53856261e+02 1.36173457e+07
 6.73447098e+02 1.25271421e+07
 6.93037934e+02 1.73822407e+07
 7.12628770e+02 2.10122819e+07
 7.32219607e+02 1.20921943e+07
 7.51810443e+02 1.09736786e+07
 7.71401279e+02 1.86824556e+07
 7.90992116e+02 1.20485424e+07
 8.10582952e+02 1.37504399e+07
 8.30173788e+02 1.39115887e+07
 8.49764625e+02 1.49089501e+07
 8.69355461e+02 1.00209318e+07
 8.88946297e+02 1.61247979e+07
 9.08537134e+02 1.68112587e+07
 9.28127970e+02 1.34260577e+07
 9.47718806e+02 1.93237057e+07
 9.67309643e+02 1.42478048e+07
 9.86900479e+02 1.71027798e+07
 1.00649132e+03 1.28484594e+07
 1.02608215e+03 1.74579459e+07
 1.04567299e+03 1.66976123e+07
 1.06526382e+03 1.80448489e+07
 1.08485466e+03 1.72843842e+07
 1.10444550e+03 1.65660625e+07
 1.12403633e+03 1.60073685e+07
 1.14362717e+03 1.63009448e+07
 1.16321801e+03 1.44706932e+07
 1.18280884e+03 1.62553551e+07
 1.20239968e+03 1.93573732e+07
 1.22199052e+03 1.44106597e+07
 1.24158135e+03 1.33588795e+07
 1.26117219e+03 1.37106661e+07
 1.28076302e+03 1.17401811e+07
 1.30035386e+03 1.32846470e+07
 1.31994470e+03 1.24045276e+07
 1.33953553e+03 1.31429394e+07
 1.35912637e+03 1.16491219e+07
 1.37871721e+03 1.04367656e+07
 1.39830804e+03 8.73011576e+06
 1.41789888e+03 1.12163643e+07
 1.43748971e+03 1.04084197e+07
 1.45708055e+03 9.39215082e+06
 1.47667139e+03 1.13701047e+07
 1.49626222e+03 1.06720702e+07
 1.51585306e+03 1.09042811e+07
 1.53544390e+03 1.07403378e+07
 1.55503473e+03 1.15710563e+07
 1.57462557e+03 9.18124812e+06
 1.59421641e+03 1.14050454e+07
 1.61380724e+03 1.13401709e+07
 1.63339808e+03 9.04003289e+06
 1.65298891e+03 1.05193870e+07
 1.67257975e+03 7.19470760e+06
 1.69217059e+03 1.05843559e+07
 1.71176142e+03 8.59147864e+06
 1.73135226e+03 1.11557082e+07
 1.75094310e+03 1.05661788e+07
 1.77053393e+03 1.05312611e+07
 1.79012477e+03 8.49608081e+06
 1.80971561e+03 8.78812048e+06
 1.82930644e+03 1.11079477e+07
 1.84889728e+03 8.83721631e+06
 1.86848811e+03 1.00620440e+07
 1.88807895e+03 1.04909552e+07
 1.90766979e+03 9.15384408e+06
 1.92726062e+03 1.16502092e+07
 1.94685146e+03 1.08201946e+07
 1.96644230e+03 6.89018295e+06
 1.98603313e+03 7.85063735e+06
 2.00562397e+03 6.84864163e+06
 2.02521481e+03 7.07552059e+06
 2.04480564e+03 5.41631955e+06
 2.06439648e+03 6.57287546e+06
 2.08398731e+03 8.58032214e+06
 2.10357815e+03 8.07407630e+06
 2.12316899e+03 8.82579483e+06
 2.14275982e+03 9.95317957e+06
 2.16235066e+03 8.21032014e+06
 2.18194150e+03 7.61370511e+06
 2.20153233e+03 6.44689925e+06
 2.22112317e+03 9.09166328e+06
 2.24071400e+03 1.03861948e+07
 2.26030484e+03 9.99248349e+06
 2.27989568e+03 8.32593084e+06
 2.29948651e+03 9.13538983e+06
 2.31907735e+03 8.21922669e+06
 2.33866819e+03 8.93352737e+06
 2.35825902e+03 8.95159605e+06
 2.37784986e+03 9.60976836e+06
 2.39744070e+03 8.68666550e+06
 2.41703153e+03 9.16787596e+06
 2.43662237e+03 1.07497987e+07
 2.45621320e+03 8.98765221e+06
 2.47580404e+03 8.61970507e+06
 2.49539488e+03 8.66717552e+06
 2.51498571e+03 9.38506143e+06
 2.53457655e+03 9.14096391e+06
 2.55416739e+03 8.53311426e+06
 2.57375822e+03 9.41838085e+06
 2.59334906e+03 8.83728762e+06
 2.61293990e+03 7.65035686e+06
 2.63253073e+03 1.02007064e+07
 2.65212157e+03 8.78323144e+06
 2.67171240e+03 8.63940135e+06
 2.69130324e+03 8.34158848e+06
 2.71089408e+03 7.50006163e+06
 2.73048491e+03 7.30717257e+06
 2.75007575e+03 7.56759363e+06
 2.76966659e+03 8.32488713e+06
 2.78925742e+03 8.45484086e+06
 2.80884826e+03 7.47437139e+06
 2.82843910e+03 7.64575198e+06
 2.84802993e+03 8.26586286e+06
 2.86762077e+03 8.01404455e+06
 2.88721160e+03 7.12162247e+06
 2.90680244e+03 9.45195841e+06
 2.92639328e+03 7.87813854e+06
 2.94598411e+03 6.77261413e+06
 2.96557495e+03 6.77780741e+06
 2.98516579e+03 8.17302518e+06
 3.00475662e+03 8.38052684e+06
 3.02434746e+03 7.95315243e+06
 3.04393829e+03 6.83457295e+06
 3.06352913e+03 8.47132908e+06
 3.08311997e+03 7.71716222e+06
 3.10271080e+03 8.61789830e+06
 3.12230164e+03 8.87789527e+06
 3.14189248e+03 7.43625878e+06
 3.16148331e+03 7.71920143e+06
 3.18107415e+03 8.89332967e+06
 3.20066499e+03 8.69011736e+06
 3.22025582e+03 7.91682824e+06
 3.23984666e+03 7.89606625e+06
 3.25943749e+03 8.03041953e+06
 3.27902833e+03 8.66833335e+06
 3.29861917e+03 8.14829280e+06
 3.31821000e+03 7.93078590e+06
 3.33780084e+03 7.42908563e+06
 3.35739168e+03 8.30431973e+06
 3.37698251e+03 6.93121618e+06
 3.39657335e+03 7.67496664e+06
 3.41616419e+03 7.49897132e+06
 3.43575502e+03 8.04728268e+06
 3.45534586e+03 6.69203093e+06
 3.47493669e+03 7.14858233e+06
 3.49452753e+03 7.86897351e+06
 3.51411837e+03 7.75341722e+06
 3.53370920e+03 7.91343374e+06
 3.55330004e+03 8.11921375e+06
 3.57289088e+03 7.54564735e+06
 3.59248171e+03 7.43661478e+06
 3.61207255e+03 7.53098451e+06
 3.63166339e+03 7.94196283e+06
 3.65125422e+03 8.45143688e+06
 3.67084506e+03 7.97753596e+06
 3.69043589e+03 7.54246999e+06
 3.71002673e+03 7.02488077e+06
 3.72961757e+03 7.00160394e+06
 3.74920840e+03 5.92746370e+06
 3.76879924e+03 6.38068421e+06
 3.78839008e+03 7.36918072e+06
 3.80798091e+03 8.04388823e+06
 3.82757175e+03 7.92319614e+06
 3.84716259e+03 8.20052305e+06
 3.86675342e+03 6.70958426e+06
 3.88634426e+03 7.62892957e+06
 3.90593509e+03 7.28199320e+06
 3.92552593e+03 6.80322118e+06
 3.94511677e+03 7.28655684e+06
 3.96470760e+03 6.98537701e+06
 3.98429844e+03 7.17252652e+06
 4.00388928e+03 7.62013561e+06
 4.02348011e+03 7.20277230e+06
 4.04307095e+03 8.17149366e+06
 4.06266178e+03 7.20515618e+06
 4.08225262e+03 7.06420426e+06
 4.10184346e+03 7.06313256e+06
 4.12143429e+03 6.96744411e+06
 4.14102513e+03 7.32451084e+06
 4.16061597e+03 7.65306194e+06
 4.18020680e+03 7.80403970e+06
 4.19979764e+03 6.65812618e+06
 4.21938848e+03 6.34301537e+06
 4.23897931e+03 7.52683089e+06
 4.25857015e+03 7.52441926e+06
 4.27816098e+03 7.30019421e+06
 4.29775182e+03 7.23563556e+06
 4.31734266e+03 6.95033518e+06
 4.33693349e+03 6.89726692e+06
 4.35652433e+03 6.99562206e+06
 4.37611517e+03 6.66457104e+06
 4.39570600e+03 6.49699448e+06
 4.41529684e+03 6.17273862e+06
 4.43488768e+03 6.64008003e+06
 4.45447851e+03 6.08114817e+06
 4.47406935e+03 6.14420212e+06
 4.49366018e+03 5.94684433e+06
 4.51325102e+03 6.14108139e+06
 4.53284186e+03 7.01662461e+06
 4.55243269e+03 6.68031559e+06
 4.57202353e+03 7.05362838e+06
 4.59161437e+03 6.65171317e+06
 4.61120520e+03 6.01214997e+06
 4.63079604e+03 6.74207970e+06
 4.65038688e+03 7.23325492e+06
 4.66997771e+03 5.96072392e+06
 4.68956855e+03 6.16572639e+06
 4.70915938e+03 6.41288249e+06
 4.72875022e+03 6.89727150e+06
 4.74834106e+03 6.40245837e+06
 4.76793189e+03 6.88359743e+06
 4.78752273e+03 6.49831722e+06
 4.80711357e+03 6.75803038e+06
 4.82670440e+03 6.67529883e+06
 4.84629524e+03 6.47410292e+06
 4.86588607e+03 6.74195378e+06
 4.88547691e+03 6.45223712e+06
 4.90506775e+03 7.13312250e+06
 4.92465858e+03 6.41564535e+06
 4.94424942e+03 6.08357367e+06
 4.96384026e+03 5.87021520e+06
 4.98343109e+03 6.17598339e+06
 5.00302193e+03 5.92165440e+06
 5.02261277e+03 5.89703056e+06
 5.04220360e+03 6.11395317e+06
 5.06179444e+03 6.56629262e+06
 5.08138527e+03 6.07287024e+06
 5.10097611e+03 5.86504486e+06
 5.12056695e+03 6.22931317e+06
 5.14015778e+03 5.64990559e+06
 5.15974862e+03 5.89659739e+06
 5.17933946e+03 5.70334092e+06
 5.19893029e+03 6.52927626e+06
 5.21852113e+03 6.91359578e+06
 5.23811197e+03 6.81044939e+06
 5.25770280e+03 6.41613439e+06
 5.27729364e+03 6.33041071e+06
 5.29688447e+03 6.31802131e+06
 5.31647531e+03 6.01099945e+06
 5.33606615e+03 6.44276252e+06
 5.35565698e+03 6.25735595e+06
 5.37524782e+03 6.39665452e+06
 5.39483866e+03 6.13482225e+06
 5.41442949e+03 5.79158180e+06
 5.43402033e+03 6.12912140e+06
 5.45361117e+03 6.57248847e+06
 5.47320200e+03 6.43848267e+06
 5.49279284e+03 6.44585440e+06
 5.51238367e+03 6.24203941e+06
 5.53197451e+03 6.73929909e+06
 5.55156535e+03 6.32413320e+06
 5.57115618e+03 6.13749763e+06
 5.59074702e+03 6.96045905e+06
 5.61033786e+03 6.76864810e+06
 5.62992869e+03 6.40747659e+06
 5.64951953e+03 6.07867960e+06
 5.66911036e+03 6.48634463e+06
 5.68870120e+03 7.16496988e+06
 5.70829204e+03 7.02967180e+06
 5.72788287e+03 6.62972438e+06
 5.74747371e+03 6.77105088e+06
 5.76706455e+03 6.88171550e+06
 5.78665538e+03 6.75772831e+06
 5.80624622e+03 6.82662999e+06
 5.82583706e+03 6.81189776e+06
 5.84542789e+03 7.07738031e+06
 5.86501873e+03 6.49336039e+06
 5.88460956e+03 6.68923385e+06
 5.90420040e+03 6.53051468e+06
 5.92379124e+03 6.65312490e+06
 5.94338207e+03 6.85249313e+06
 5.96297291e+03 6.32046069e+06
 5.98256375e+03 6.70604734e+06
 6.00215458e+03 6.85589783e+06
 6.02174542e+03 7.24114123e+06
 6.04133626e+03 8.09156245e+06
 6.06092709e+03 7.33048115e+06
 6.08051793e+03 7.26761126e+06
 6.10010876e+03 7.31743043e+06
 6.11969960e+03 7.38956873e+06
 6.13929044e+03 7.29984130e+06
 6.15888127e+03 6.99340636e+06
 6.17847211e+03 6.74076127e+06
 6.19806295e+03 7.03022897e+06
 6.21765378e+03 7.63370891e+06
 6.23724462e+03 7.13828969e+06
 6.25683546e+03 6.09306811e+06
 6.27642629e+03 6.75132310e+06
 6.29601713e+03 7.20919854e+06
 6.31560796e+03 6.61151786e+06
 6.33519880e+03 5.84428736e+06
 6.35478964e+03 4.58877124e+06
 6.37438047e+03 4.48265164e+06
 6.39397131e+03 4.74469299e+06
 6.41356215e+03 6.21703414e+06
 6.43315298e+03 6.48732699e+06
 6.45274382e+03 6.41907156e+06
 6.47233465e+03 6.55501148e+06
 6.49192549e+03 6.01762576e+06
 6.51151633e+03 6.49141508e+06
 6.53110716e+03 6.07661194e+06
 6.55069800e+03 5.99410727e+06
 6.57028884e+03 6.25362522e+06
 6.58987967e+03 6.41191854e+06
 6.60947051e+03 6.37127449e+06
 6.62906135e+03 6.21659331e+06
 6.64865218e+03 6.26938890e+06
 6.66824302e+03 6.23963649e+06
 6.68783385e+03 6.02084913e+06
 6.70742469e+03 5.98300638e+06
 6.72701553e+03 6.60643642e+06
 6.74660636e+03 6.62229659e+06
 6.76619720e+03 6.24556896e+06
 6.78578804e+03 6.18803287e+06
 6.80537887e+03 5.52373858e+06
 6.82496971e+03 5.77924322e+06
 6.84456055e+03 5.92702123e+06
 6.86415138e+03 6.08250887e+06
 6.88374222e+03 5.87048698e+06
 6.90333305e+03 5.87235402e+06
 6.92292389e+03 6.18239050e+06
 6.94251473e+03 6.34108511e+06
 6.96210556e+03 5.69673699e+06
 6.98169640e+03 5.95021994e+06
 7.00128724e+03 6.25506040e+06
 7.02087807e+03 6.17383816e+06
 7.04046891e+03 5.87898366e+06
 7.06005975e+03 6.25074913e+06
 7.07965058e+03 6.46019911e+06
 7.09924142e+03 5.77356624e+06
 7.11883225e+03 5.80941942e+06
 7.13842309e+03 5.59151009e+06
 7.15801393e+03 5.75573812e+06
 7.17760476e+03 6.04714630e+06
 7.19719560e+03 6.21812454e+06
 7.21678644e+03 6.19799311e+06
 7.23637727e+03 5.89867723e+06
 7.25596811e+03 6.28198838e+06
 7.27555894e+03 5.58329421e+06
 7.29514978e+03 5.82230730e+06
 7.31474062e+03 5.72357649e+06
 7.33433145e+03 5.49294260e+06
 7.35392229e+03 5.67550841e+06
 7.37351313e+03 5.49476879e+06
 7.39310396e+03 5.80914354e+06
 7.41269480e+03 5.49604663e+06
 7.43228564e+03 5.49875203e+06
 7.45187647e+03 5.25101447e+06
 7.47146731e+03 5.24710808e+06
 7.49105814e+03 5.09056589e+06
 7.51064898e+03 4.96208354e+06
 7.53023982e+03 5.07270700e+06
 7.54983065e+03 5.47385142e+06
 7.56942149e+03 5.91071252e+06
 7.58901233e+03 5.44958769e+06
 7.60860316e+03 5.52316163e+06
 7.62819400e+03 5.58566813e+06
 7.64778484e+03 5.39341616e+06
 7.66737567e+03 5.33004193e+06
 7.68696651e+03 5.52073297e+06
 7.70655734e+03 5.22445577e+06
 7.72614818e+03 4.86090547e+06
 7.74573902e+03 5.13453927e+06
 7.76532985e+03 5.17156829e+06
 7.78492069e+03 5.35582640e+06
 7.80451153e+03 5.22828943e+06
 7.82410236e+03 5.52692496e+06
 7.84369320e+03 5.28631325e+06
 7.86328404e+03 5.52912544e+06
 7.88287487e+03 5.51010781e+06
 7.90246571e+03 5.69024568e+06
 7.92205654e+03 5.61019998e+06
 7.94164738e+03 5.59269825e+06
 7.96123822e+03 5.60562121e+06
 7.98082905e+03 5.66011520e+06
 8.00041989e+03 5.57876195e+06
 8.02001073e+03 5.74088685e+06
 8.03960156e+03 5.59506783e+06
 8.05919240e+03 5.83222560e+06
 8.07878323e+03 5.72820966e+06
 8.09837407e+03 5.72253410e+06
 8.11796491e+03 5.24621167e+06
 8.13755574e+03 5.11913029e+06
 8.15714658e+03 5.04256136e+06
 8.17673742e+03 5.23003680e+06
 8.19632825e+03 5.72246049e+06
 8.21591909e+03 6.00425319e+06
 8.23550993e+03 5.88056894e+06
 8.25510076e+03 5.75631443e+06
 8.27469160e+03 5.71016321e+06
 8.29428243e+03 5.61491900e+06
 8.31387327e+03 5.93066624e+06
 8.33346411e+03 5.79220206e+06
 8.35305494e+03 6.01991552e+06
 8.37264578e+03 6.07304118e+06
 8.39223662e+03 6.06651504e+06
 8.41182745e+03 5.92835180e+06
 8.43141829e+03 5.86645602e+06
 8.45100913e+03 6.03232697e+06
 8.47059996e+03 6.07253238e+06
 8.49019080e+03 6.15608405e+06
 8.50978163e+03 6.16391250e+06
 8.52937247e+03 5.82883105e+06
 8.54896331e+03 5.84379928e+06
 8.56855414e+03 5.81441934e+06
 8.58814498e+03 5.66230594e+06
 8.60773582e+03 5.67542352e+06
 8.62732665e+03 5.67806106e+06
 8.64691749e+03 5.60800337e+06
 8.66650833e+03 5.64987507e+06
 8.68609916e+03 5.53301875e+06
 8.70569000e+03 5.56859342e+06
 8.72528083e+03 5.40100204e+06
 8.74487167e+03 5.44704626e+06
 8.76446251e+03 5.28307799e+06
 8.78405334e+03 4.96595306e+06
 8.80364418e+03 4.84280693e+06
 8.82323502e+03 4.71235544e+06
 8.84282585e+03 4.41618086e+06
 8.86241669e+03 4.53864361e+06
 8.88200752e+03 4.84060136e+06
 8.90159836e+03 4.81185062e+06
 8.92118920e+03 4.78077940e+06
 8.94078003e+03 5.12700467e+06
 8.96037087e+03 5.33293227e+06
 8.97996171e+03 5.20320019e+06
 8.99955254e+03 4.85604647e+06
 9.01914338e+03 4.82522340e+06
 9.03873422e+03 4.70417390e+06
 9.05832505e+03 4.56220155e+06
 9.07791589e+03 4.73041417e+06
 9.09750672e+03 4.66124792e+06
 9.11709756e+03 4.61190804e+06
 9.13668840e+03 4.51748897e+06
 9.15627923e+03 4.72147457e+06
 9.17587007e+03 5.14739346e+06
 9.19546091e+03 5.37164193e+06
 9.21505174e+03 5.33494636e+06
 9.23464258e+03 5.22094853e+06
 9.25423342e+03 5.09834932e+06
 9.27382425e+03 5.12652232e+06
 9.29341509e+03 5.17141517e+06
 9.31300592e+03 5.32397533e+06
 9.33259676e+03 5.29061234e+06
 9.35218760e+03 4.85760275e+06
 9.37177843e+03 5.18352268e+06
 9.39136927e+03 5.64620760e+06
 9.41096011e+03 5.51704284e+06
 9.43055094e+03 5.07760249e+06
 9.45014178e+03 5.01508998e+06
 9.46973262e+03 5.02378331e+06
 9.48932345e+03 5.38513616e+06
 9.50891429e+03 5.76470114e+06
 9.52850512e+03 5.55808807e+06
 9.54809596e+03 5.52074657e+06
 9.56768680e+03 5.93537935e+06
 9.58727763e+03 5.97149454e+06
 9.60686847e+03 6.24577257e+06
 9.62645931e+03 6.31483808e+06
 9.64605014e+03 6.51447202e+06
 9.66564098e+03 6.54194157e+06
 9.68523181e+03 6.26063093e+06
 9.70482265e+03 6.35315194e+06
 9.72441349e+03 6.57991035e+06
 9.74400432e+03 6.65954988e+06
 9.76359516e+03 6.87062768e+06
 9.78318600e+03 7.02813265e+06
 9.80277683e+03 7.25200174e+06
 9.82236767e+03 7.17690486e+06
 9.84195851e+03 7.14049137e+06
 9.86154934e+03 6.89614920e+06
 9.88114018e+03 6.98416942e+06
 9.90073101e+03 7.07557664e+06
 9.92032185e+03 7.00913585e+06
 9.93991269e+03 7.28791693e+06
 9.95950352e+03 7.15224650e+06
 9.97909436e+03 7.11171132e+06
 9.99868520e+03 7.29177697e+06
 1.00182760e+04 7.16122640e+06
 1.00378669e+04 7.00531725e+06
 1.00574577e+04 7.29351916e+06
 1.00770485e+04 7.54076417e+06
 1.00966394e+04 7.32597730e+06
 1.01162302e+04 6.96040562e+06
 1.01358211e+04 6.89911454e+06
 1.01554119e+04 7.09479237e+06
 1.01750027e+04 7.15453174e+06
 1.01945936e+04 7.27746293e+06
 1.02141844e+04 7.31443033e+06
 1.02337752e+04 7.05178015e+06
 1.02533661e+04 7.11888720e+06
 1.02729569e+04 6.96303085e+06
 1.02925477e+04 6.75161088e+06
 1.03121386e+04 6.86484881e+06
 1.03317294e+04 6.97743995e+06
 1.03513203e+04 7.04717083e+06
 1.03709111e+04 6.97777965e+06
 1.03905019e+04 6.72595734e+06
 1.04100928e+04 6.66445991e+06
 1.04296836e+04 6.36659406e+06
 1.04492744e+04 6.51873744e+06
 1.04688653e+04 6.96761113e+06
 1.04884561e+04 6.93368680e+06
 1.05080469e+04 6.73927276e+06
 1.05276378e+04 6.68518993e+06
 1.05472286e+04 6.88555483e+06
 1.05668195e+04 6.67126400e+06
 1.05864103e+04 6.55775698e+06
 1.06060011e+04 6.85245512e+06
 1.06255920e+04 6.60553899e+06
 1.06451828e+04 6.98592407e+06
 1.06647736e+04 7.13089190e+06
 1.06843645e+04 7.18617367e+06
 1.07039553e+04 7.06267810e+06
 1.07235461e+04 7.18703839e+06
 1.07431370e+04 7.05875008e+06
 1.07627278e+04 6.87167949e+06
 1.07823187e+04 6.99673206e+06
 1.08019095e+04 7.20516634e+06
 1.08215003e+04 7.36460198e+06
 1.08410912e+04 7.17873448e+06
 1.08606820e+04 7.16897137e+06
 1.08802728e+04 7.10891941e+06
 1.08998637e+04 7.31873890e+06
 1.09194545e+04 7.05731234e+06
 1.09390453e+04 6.99056994e+06
 1.09586362e+04 6.93331372e+06
 1.09782270e+04 7.24248453e+06
 1.09978178e+04 7.05787027e+06
 1.10174087e+04 6.97968999e+06
 1.10369995e+04 6.77856762e+06
 1.10565904e+04 6.76733942e+06
 1.10761812e+04 7.01919844e+06
 1.10957720e+04 6.96873086e+06
 1.11153629e+04 6.76734145e+06
 1.11349537e+04 6.69842505e+06
 1.11545445e+04 6.82514860e+06
 1.11741354e+04 6.60241695e+06
 1.11937262e+04 6.54322817e+06
 1.12133170e+04 6.96147103e+06
 1.12329079e+04 6.87027642e+06
 1.12524987e+04 6.70752502e+06
 1.12720896e+04 6.74752019e+06
 1.12916804e+04 6.39643268e+06
 1.13112712e+04 6.24375444e+06
 1.13308621e+04 6.22872639e+06
 1.13504529e+04 5.99639391e+06
 1.13700437e+04 6.13989059e+06
 1.13896346e+04 6.23452825e+06
 1.14092254e+04 6.32415707e+06
 1.14288162e+04 6.21284520e+06
 1.14484071e+04 6.02859494e+06
 1.14679979e+04 5.67483260e+06
 1.14875888e+04 5.49359051e+06
 1.15071796e+04 5.03149900e+06
 1.15267704e+04 4.66722809e+06
 1.15463613e+04 4.86566402e+06
 1.15659521e+04 4.86588580e+06
 1.15855429e+04 4.55723314e+06
 1.16051338e+04 4.45971818e+06
 1.16247246e+04 4.42256677e+06
 1.16443154e+04 4.38853345e+06
 1.16639063e+04 4.10117834e+06
 1.16834971e+04 3.84921805e+06
 1.17030880e+04 3.37458420e+06
 1.17226788e+04 3.25037602e+06
 1.17422696e+04 3.07947507e+06
 1.17618605e+04 3.21604500e+06
 1.17814513e+04 3.26725434e+06
 1.18010421e+04 3.15179087e+06
 1.18206330e+04 3.10388356e+06
 1.18402238e+04 2.96748144e+06
 1.18598146e+04 3.00452864e+06
 1.18794055e+04 2.85227694e+06
 1.18989963e+04 2.88334802e+06
 1.19185872e+04 3.04187403e+06
 1.19381780e+04 3.10382435e+06
 1.19577688e+04 3.00647235e+06
 1.19773597e+04 2.86505726e+06
 1.19969505e+04 2.99440816e+06
 1.20165413e+04 3.17544804e+06
 1.20361322e+04 2.97841843e+06
 1.20557230e+04 2.97208582e+06
 1.20753138e+04 3.25250085e+06
 1.20949047e+04 3.10382727e+06
 1.21144955e+04 3.06090752e+06
 1.21340864e+04 2.72284385e+06
 1.21536772e+04 2.80715748e+06
 1.21732680e+04 2.92334772e+06
 1.21928589e+04 2.81779600e+06
 1.22124497e+04 2.71181556e+06
 1.22320405e+04 2.69501537e+06
 1.22516314e+04 2.95100320e+06
 1.22712222e+04 3.00893062e+06
 1.22908130e+04 2.78626012e+06
 1.23104039e+04 2.75109007e+06
 1.23299947e+04 2.75893883e+06
 1.23495856e+04 2.73573542e+06
 1.23691764e+04 2.86688474e+06
 1.23887672e+04 3.01172446e+06
 1.24083581e+04 2.96973590e+06
 1.24279489e+04 2.92559398e+06
 1.24475397e+04 2.98526006e+06
 1.24671306e+04 2.86491296e+06
 1.24867214e+04 2.61730815e+06
 1.25063122e+04 2.68008100e+06
 1.25259031e+04 2.74466960e+06
 1.25454939e+04 2.83601241e+06
 1.25650848e+04 3.02558354e+06
 1.25846756e+04 2.83664620e+06
 1.26042664e+04 2.67997392e+06
 1.26238573e+04 2.65945168e+06
 1.26434481e+04 2.90938772e+06
 1.26630389e+04 2.78182862e+06
 1.26826298e+04 2.70722191e+06
 1.27022206e+04 2.80895787e+06
 1.27218114e+04 2.88668384e+06
 1.27414023e+04 2.97644786e+06
 1.27609931e+04 2.91651530e+06
 1.27805840e+04 2.94807396e+06
 1.28001748e+04 2.87530911e+06
 1.28197656e+04 2.64196671e+06
 1.28393565e+04 2.98570546e+06
 1.28589473e+04 2.89816867e+06
 1.28785381e+04 2.77138806e+06
 1.28981290e+04 2.58824716e+06
 1.29177198e+04 2.88556606e+06
 1.29373106e+04 3.01165174e+06
 1.29569015e+04 2.84555211e+06
 1.29764923e+04 2.58791780e+06
 1.29960832e+04 2.57244419e+06
 1.30156740e+04 2.72791149e+06
 1.30352648e+04 2.70568861e+06
 1.30548557e+04 2.69037762e+06
 1.30744465e+04 2.65363375e+06
 1.30940373e+04 2.64770686e+06
 1.31136282e+04 2.82041719e+06
 1.31332190e+04 2.84279087e+06
 1.31528098e+04 2.55869435e+06
 1.31724007e+04 2.66413048e+06
 1.31919915e+04 2.85805482e+06
 1.32115824e+04 3.05363497e+06
 1.32311732e+04 2.92824459e+06
 1.32507640e+04 2.69696609e+06
 1.32703549e+04 2.76603496e+06
 1.32899457e+04 2.98896682e+06
 1.33095365e+04 2.86521075e+06
 1.33291274e+04 2.70467684e+06
 1.33487182e+04 2.58791543e+06
 1.33683090e+04 2.58179592e+06
 1.33878999e+04 2.80412724e+06
 1.34074907e+04 2.89114158e+06
 1.34270816e+04 2.65235802e+06
 1.34466724e+04 2.79593443e+06
 1.34662632e+04 2.75844024e+06
 1.34858541e+04 2.67315819e+06
 1.35054449e+04 2.64792144e+06
 1.35250357e+04 2.48034790e+06
 1.35446266e+04 2.55732937e+06
 1.35642174e+04 2.61712810e+06
 1.35838082e+04 2.73452589e+06
 1.36033991e+04 2.74095612e+06
 1.36229899e+04 2.59563100e+06
 1.36425808e+04 2.62889482e+06
 1.36621716e+04 2.52619375e+06
 1.36817624e+04 2.53652255e+06
 1.37013533e+04 2.51598257e+06
 1.37209441e+04 2.45794363e+06
 1.37405349e+04 2.60032618e+06
 1.37601258e+04 2.74256983e+06
 1.37797166e+04 2.77896201e+06
 1.37993074e+04 2.50844866e+06
 1.38188983e+04 2.33504862e+06
 1.38384891e+04 2.48159118e+06
 1.38580800e+04 2.64046347e+06
 1.38776708e+04 2.51329564e+06
 1.38972616e+04 2.48948722e+06
 1.39168525e+04 2.53634819e+06
 1.39364433e+04 2.66997924e+06
 1.39560341e+04 2.67775519e+06
 1.39756250e+04 2.54193467e+06
 1.39952158e+04 2.49288847e+06
 1.40148066e+04 2.51735572e+06
 1.40343975e+04 2.57237729e+06
 1.40539883e+04 2.62262377e+06
 1.40735792e+04 2.63621251e+06
 1.40931700e+04 2.44467246e+06
 1.41127608e+04 2.38060546e+06
 1.41323517e+04 2.49479071e+06
 1.41519425e+04 2.51220868e+06
 1.41715333e+04 2.54448636e+06
 1.41911242e+04 2.51839384e+06
 1.42107150e+04 2.45837323e+06
 1.42303058e+04 2.54349932e+06
 1.42498967e+04 2.60833327e+06
 1.42694875e+04 2.72530117e+06
 1.42890784e+04 2.68414438e+06
 1.43086692e+04 2.65104728e+06
 1.43282600e+04 2.59075544e+06
 1.43478509e+04 2.52723184e+06
 1.43674417e+04 2.68009684e+06
 1.43870325e+04 2.80651201e+06
 1.44066234e+04 2.76220202e+06
 1.44262142e+04 2.56579509e+06
 1.44458050e+04 2.43522702e+06
 1.44653959e+04 2.44267601e+06
 1.44849867e+04 2.39583152e+06
 1.45045776e+04 2.53158673e+06
 1.45241684e+04 2.50811607e+06
 1.45437592e+04 2.46969729e+06
 1.45633501e+04 2.46895036e+06
 1.45829409e+04 2.57873948e+06
 1.46025317e+04 2.68833921e+06
 1.46221226e+04 2.48092341e+06
 1.46417134e+04 2.31455603e+06
 1.46613042e+04 2.33050741e+06
 1.46808951e+04 2.07662026e+06
 1.47004859e+04 2.10759942e+06
 1.47200768e+04 2.15734936e+06
 1.47396676e+04 2.35535945e+06
 1.47592584e+04 2.66408753e+06
 1.47788493e+04 2.51811952e+06
 1.47984401e+04 2.50577678e+06
 1.48180309e+04 2.67122720e+06
 1.48376218e+04 2.49674007e+06
 1.48572126e+04 2.38934188e+06
 1.48768034e+04 2.30053612e+06
 1.48963943e+04 2.38654241e+06
 1.49159851e+04 2.33259017e+06
 1.49355760e+04 2.41854176e+06
 1.49551668e+04 2.48721477e+06
 1.49747576e+04 2.49023394e+06
 1.49943485e+04 2.48706188e+06
 1.50139393e+04 2.51255282e+06
 1.50335301e+04 2.43129553e+06
 1.50531210e+04 2.31454741e+06
 1.50727118e+04 2.38115756e+06
 1.50923026e+04 2.33124291e+06
 1.51118935e+04 2.28115366e+06
 1.51314843e+04 2.25711281e+06
 1.51510752e+04 2.36050166e+06
 1.51706660e+04 2.35745368e+06
 1.51902568e+04 2.28045798e+06
 1.52098477e+04 2.22965047e+06
 1.52294385e+04 2.20834629e+06
 1.52490293e+04 2.32028866e+06
 1.52686202e+04 2.45643461e+06
 1.52882110e+04 2.32958911e+06
 1.53078018e+04 2.26775755e+06
 1.53273927e+04 2.36034737e+06
 1.53469835e+04 2.28829858e+06
 1.53665744e+04 2.27642153e+06
 1.53861652e+04 2.23178547e+06
 1.54057560e+04 2.22036530e+06
 1.54253469e+04 2.24651543e+06
 1.54449377e+04 2.19211706e+06
 1.54645285e+04 2.20715782e+06
 1.54841194e+04 2.20354482e+06
 1.55037102e+04 2.30822043e+06
 1.55233010e+04 2.46853010e+06
 1.55428919e+04 2.15676505e+06
 1.55624827e+04 2.19561787e+06
 1.55820736e+04 2.25777071e+06
 1.56016644e+04 2.18812235e+06
 1.56212552e+04 2.31914721e+06
 1.56408461e+04 2.33354862e+06
 1.56604369e+04 2.38245033e+06
 1.56800277e+04 2.25228503e+06
 1.56996186e+04 2.19919082e+06
 1.57192094e+04 2.08656837e+06
 1.57388002e+04 2.12888073e+06
 1.57583911e+04 2.13991350e+06
 1.57779819e+04 2.08011933e+06
 1.57975728e+04 2.22201333e+06
 1.58171636e+04 2.26917362e+06
 1.58367544e+04 2.11408666e+06
 1.58563453e+04 2.13395983e+06
 1.58759361e+04 2.17258920e+06
 1.58955269e+04 2.19989035e+06
 1.59151178e+04 2.13286625e+06
 1.59347086e+04 2.09700380e+06
 1.59542994e+04 2.02318931e+06
 1.59738903e+04 1.94151896e+06
 1.59934811e+04 2.00557494e+06
 1.60130720e+04 2.03592842e+06
 1.60326628e+04 2.11266471e+06
 1.60522536e+04 2.13775940e+06
 1.60718445e+04 2.15261647e+06
 1.60914353e+04 2.25004681e+06
 1.61110261e+04 2.20176947e+06
 1.61306170e+04 2.06928326e+06
 1.61502078e+04 2.06253936e+06
 1.61697986e+04 2.25038317e+06
 1.61893895e+04 2.28941254e+06
 1.62089803e+04 2.23141707e+06
 1.62285712e+04 2.20690426e+06
 1.62481620e+04 2.22292720e+06
 1.62677528e+04 2.30897228e+06
 1.62873437e+04 2.29692868e+06
 1.63069345e+04 2.19942853e+06
 1.63265253e+04 2.16284915e+06
 1.63461162e+04 2.04257845e+06
 1.63657070e+04 1.88968176e+06
 1.63852978e+04 2.06034599e+06
 1.64048887e+04 2.04413287e+06
 1.64244795e+04 1.96534132e+06
 1.64440704e+04 2.00054340e+06
 1.64636612e+04 2.00364690e+06
 1.64832520e+04 2.05723570e+06
 1.65028429e+04 2.03729165e+06
 1.65224337e+04 2.16101441e+06
 1.65420245e+04 2.13695395e+06
 1.65616154e+04 2.14339050e+06
 1.65812062e+04 2.44364516e+06
 1.66007970e+04 2.32142029e+06
 1.66203879e+04 2.23386928e+06
 1.66399787e+04 2.09795597e+06
 1.66595696e+04 2.15638993e+06
 1.66791604e+04 2.14344823e+06
 1.66987512e+04 2.13771818e+06
 1.67183421e+04 2.10503062e+06
 1.67379329e+04 2.04139073e+06
 1.67575237e+04 2.28715900e+06
 1.67771146e+04 2.20151964e+06
 1.67967054e+04 2.09281985e+06
 1.68162962e+04 2.24121948e+06
 1.68358871e+04 2.26041134e+06
 1.68554779e+04 2.25799027e+06
 1.68750688e+04 2.08324652e+06
 1.68946596e+04 2.09447048e+06
 1.69142504e+04 1.97220599e+06
 1.69338413e+04 2.07022024e+06
 1.69534321e+04 2.23318078e+06
 1.69730229e+04 2.25835724e+06
 1.69926138e+04 2.17874666e+06
 1.70122046e+04 2.03637712e+06
 1.70317954e+04 1.98439094e+06
 1.70513863e+04 2.07276679e+06
 1.70709771e+04 2.06841528e+06
 1.70905680e+04 1.90567148e+06
 1.71101588e+04 1.78952379e+06
 1.71297496e+04 1.81071301e+06
 1.71493405e+04 1.84881229e+06
 1.71689313e+04 1.93001700e+06
 1.71885221e+04 1.97515432e+06
 1.72081130e+04 2.12280565e+06
 1.72277038e+04 2.10189060e+06
 1.72472946e+04 1.92994455e+06
 1.72668855e+04 1.85947624e+06
 1.72864763e+04 1.85969907e+06
 1.73060672e+04 1.78088506e+06
 1.73256580e+04 1.90568270e+06
 1.73452488e+04 1.83871786e+06
 1.73648397e+04 2.01187767e+06
 1.73844305e+04 2.05662838e+06
 1.74040213e+04 2.04493204e+06
 1.74236122e+04 2.00546608e+06
 1.74432030e+04 1.87050761e+06
 1.74627938e+04 1.85896596e+06
 1.74823847e+04 1.81708517e+06
 1.75019755e+04 1.65733040e+06
 1.75215664e+04 1.76381346e+06
 1.75411572e+04 1.83875257e+06
 1.75607480e+04 1.95292291e+06
 1.75803389e+04 2.03324967e+06
 1.75999297e+04 1.98769200e+06
 1.76195205e+04 1.84650175e+06
 1.76391114e+04 1.85782946e+06
 1.76587022e+04 1.93500838e+06
 1.76782930e+04 1.91523746e+06
 1.76978839e+04 1.92831675e+06
 1.77174747e+04 1.72487542e+06
 1.77370656e+04 1.58426476e+06
 1.77566564e+04 1.76445196e+06
 1.77762472e+04 1.90364447e+06
 1.77958381e+04 2.02949636e+06
 1.78154289e+04 2.08151857e+06
 1.78350197e+04 1.99832480e+06
 1.78546106e+04 1.90911217e+06
 1.78742014e+04 1.99620105e+06
 1.78937922e+04 2.02454178e+06
 1.79133831e+04 1.93214335e+06
 1.79329739e+04 1.80277315e+06
 1.79525648e+04 1.79913247e+06
 1.79721556e+04 1.90052082e+06
 1.79917464e+04 1.97154248e+06
 1.80113373e+04 2.00134350e+06
 1.80309281e+04 1.85598122e+06
 1.80505189e+04 1.69670198e+06
 1.80701098e+04 1.80346635e+06
 1.80897006e+04 1.83988091e+06
 1.81092914e+04 1.86971828e+06
 1.81288823e+04 1.89791923e+06
 1.81484731e+04 1.89232063e+06
 1.81680640e+04 1.93630014e+06
 1.81876548e+04 1.87099784e+06
 1.82072456e+04 1.81555799e+06
 1.82268365e+04 1.87879708e+06
 1.82464273e+04 2.00747661e+06
 1.82660181e+04 2.07034190e+06
 1.82856090e+04 1.95913107e+06
 1.83051998e+04 1.98173101e+06
 1.83247906e+04 1.96453295e+06
 1.83443815e+04 1.92621631e+06
 1.83639723e+04 1.90715332e+06
 1.83835632e+04 2.00166066e+06
 1.84031540e+04 1.86728558e+06
 1.84227448e+04 1.81519415e+06
 1.84423357e+04 1.85935758e+06
 1.84619265e+04 1.93742514e+06
 1.84815173e+04 1.92043331e+06
 1.85011082e+04 1.94664861e+06
 1.85206990e+04 1.89126984e+06
 1.85402898e+04 1.91477358e+06
 1.85598807e+04 1.88591392e+06
 1.85794715e+04 1.90434836e+06
 1.85990624e+04 1.77018559e+06
 1.86186532e+04 1.89628775e+06
 1.86382440e+04 1.95725157e+06
 1.86578349e+04 1.85021301e+06
 1.86774257e+04 1.75104456e+06
 1.86970165e+04 1.79130318e+06
 1.87166074e+04 1.75952669e+06
 1.87361982e+04 1.85384900e+06
 1.87557890e+04 1.84416857e+06
 1.87753799e+04 1.84414683e+06
 1.87949707e+04 1.62336783e+06
 1.88145616e+04 1.65663887e+06
 1.88341524e+04 1.75332193e+06
 1.88537432e+04 1.79392028e+06
 1.88733341e+04 1.76743021e+06
 1.88929249e+04 1.69862025e+06
 1.89125157e+04 1.64422483e+06
 1.89321066e+04 1.67878370e+06
 1.89516974e+04 1.55192260e+06
 1.89712882e+04 1.61560923e+06
 1.89908791e+04 1.75311232e+06
 1.90104699e+04 1.88744334e+06
 1.90300608e+04 1.90661401e+06
 1.90496516e+04 1.79781117e+06
 1.90692424e+04 1.65848577e+06
 1.90888333e+04 1.77557681e+06
 1.91084241e+04 1.68193660e+06
 1.91280149e+04 1.66867150e+06
 1.91476058e+04 1.73349820e+06
 1.91671966e+04 1.72665794e+06
 1.91867874e+04 1.77329990e+06
 1.92063783e+04 1.80334618e+06
 1.92259691e+04 1.70992924e+06
 1.92455599e+04 1.78410051e+06
 1.92651508e+04 1.77500058e+06
 1.92847416e+04 1.77874733e+06
 1.93043325e+04 1.73045790e+06
 1.93239233e+04 1.57065575e+06
 1.93435141e+04 1.54109095e+06
 1.93631050e+04 1.63503266e+06
 1.93826958e+04 1.71840678e+06
 1.94022866e+04 1.76924811e+06
 1.94218775e+04 1.83331902e+06
 1.94414683e+04 1.91227361e+06
 1.94610591e+04 1.92707195e+06
 1.94806500e+04 1.79169603e+06
 1.95002408e+04 1.69042795e+06
 1.95198317e+04 1.81815445e+06
 1.95394225e+04 1.75891459e+06
 1.95590133e+04 1.69232252e+06
 1.95786042e+04 1.71063050e+06
 1.95981950e+04 1.75784697e+06
 1.96177858e+04 1.79781637e+06
 1.96373767e+04 1.82547753e+06
 1.96569675e+04 1.82338552e+06
 1.96765583e+04 1.77829772e+06
 1.96961492e+04 1.85517961e+06
 1.97157400e+04 1.90466165e+06
 1.97353309e+04 1.89595027e+06
 1.97549217e+04 1.81179723e+06
 1.97745125e+04 1.71004748e+06
 1.97941034e+04 1.82758510e+06
 1.98136942e+04 1.78986709e+06
 1.98332850e+04 1.71582839e+06
 1.98528759e+04 1.76796303e+06
 1.98724667e+04 1.79876896e+06
 1.98920575e+04 1.76605115e+06
 1.99116484e+04 1.65812253e+06
 1.99312392e+04 1.73200390e+06
 1.99508301e+04 1.69383905e+06
 1.99704209e+04 1.71235793e+06
 1.99900117e+04 1.70441012e+06
 2.00096026e+04 1.75880888e+06
 2.00291934e+04 1.66668401e+06
 2.00487842e+04 1.64623496e+06
 2.00683751e+04 1.64097823e+06
 2.00879659e+04 1.68412915e+06
 2.01075567e+04 1.66615072e+06
 2.01271476e+04 1.67883122e+06
 2.01467384e+04 1.71527942e+06
 2.01663293e+04 1.66472042e+06
 2.01859201e+04 1.56520929e+06
 2.02055109e+04 1.53881878e+06
 2.02251018e+04 1.52376889e+06
 2.02446926e+04 1.55274626e+06
 2.02642834e+04 1.55127673e+06
 2.02838743e+04 1.50220182e+06
 2.03034651e+04 1.66476288e+06
 2.03230559e+04 1.67001092e+06
 2.03426468e+04 1.56269310e+06
 2.03622376e+04 1.47126235e+06
 2.03818285e+04 1.40331605e+06
 2.04014193e+04 1.38522809e+06
 2.04210101e+04 1.42576224e+06
 2.04406010e+04 1.41649175e+06
 2.04601918e+04 1.42431563e+06
 2.04797826e+04 1.50509634e+06
 2.04993735e+04 1.48797733e+06
 2.05189643e+04 1.51146651e+06
 2.05385551e+04 1.52554733e+06
 2.05581460e+04 1.63239288e+06
 2.05777368e+04 1.60181348e+06
 2.05973277e+04 1.61057466e+06
 2.06169185e+04 1.57854232e+06
 2.06365093e+04 1.59040403e+06
 2.06561002e+04 1.46210493e+06
 2.06756910e+04 1.52185662e+06
 2.06952818e+04 1.49228665e+06
 2.07148727e+04 1.42597679e+06
 2.07344635e+04 1.45298072e+06
 2.07540543e+04 1.35968355e+06
 2.07736452e+04 1.26747286e+06
 2.07932360e+04 1.25148107e+06
 2.08128269e+04 1.42470137e+06
 2.08324177e+04 1.39966802e+06
 2.08520085e+04 1.38588987e+06
 2.08715994e+04 1.42288412e+06
 2.08911902e+04 1.44425486e+06
 2.09107810e+04 1.41337783e+06
 2.09303719e+04 1.54838064e+06
 2.09499627e+04 1.63425697e+06
 2.09695535e+04 1.70673085e+06
 2.09891444e+04 1.71893381e+06
 2.10087352e+04 1.56133700e+06
 2.10283261e+04 1.59590917e+06
 2.10479169e+04 1.68768335e+06
 2.10675077e+04 1.63407362e+06
 2.10870986e+04 1.60745210e+06
 2.11066894e+04 1.55646196e+06
 2.11262802e+04 1.53138863e+06
 2.11458711e+04 1.56824491e+06
 2.11654619e+04 1.50444738e+06
 2.11850527e+04 1.60805742e+06
 2.12046436e+04 1.58948640e+06
 2.12242344e+04 1.54056068e+06
 2.12438253e+04 1.42735988e+06
 2.12634161e+04 1.47244467e+06
 2.12830069e+04 1.41163255e+06
 2.13025978e+04 1.27172024e+06
 2.13221886e+04 1.34562713e+06
 2.13417794e+04 1.47723295e+06
 2.13613703e+04 1.58596380e+06
 2.13809611e+04 1.53855506e+06
 2.14005519e+04 1.45917622e+06
 2.14201428e+04 1.50753392e+06
 2.14397336e+04 1.60756250e+06
 2.14593245e+04 1.68227701e+06
 2.14789153e+04 1.60073818e+06
 2.14985061e+04 1.54404439e+06
 2.15180970e+04 1.37873330e+06
 2.15376878e+04 1.40392034e+06
 2.15572786e+04 1.45275084e+06
 2.15768695e+04 1.43150543e+06
 2.15964603e+04 1.41690405e+06
 2.16160511e+04 1.46320776e+06
 2.16356420e+04 1.55793717e+06
 2.16552328e+04 1.52191294e+06
 2.16748237e+04 1.54400632e+06
 2.16944145e+04 1.42303874e+06
 2.17140053e+04 1.42013836e+06
 2.17335962e+04 1.44396402e+06
 2.17531870e+04 1.41725381e+06
 2.17727778e+04 1.45014271e+06
 2.17923687e+04 1.47148156e+06
 2.18119595e+04 1.46747619e+06
 2.18315503e+04 1.42671080e+06
 2.18511412e+04 1.30279293e+06
 2.18707320e+04 1.30868104e+06
 2.18903229e+04 1.34991020e+06
 2.19099137e+04 1.35421836e+06
 2.19295045e+04 1.31508335e+06
 2.19490954e+04 1.39950980e+06
 2.19686862e+04 1.47165214e+06
 2.19882770e+04 1.44982708e+06
 2.20078679e+04 1.44765747e+06
 2.20274587e+04 1.38765722e+06
 2.20470495e+04 1.25054255e+06
 2.20666404e+04 1.24137498e+06
 2.20862312e+04 1.24266460e+06
 2.21058221e+04 1.27391780e+06
 2.21254129e+04 1.28850542e+06
 2.21450037e+04 1.25620694e+06
 2.21645946e+04 1.29369487e+06
 2.21841854e+04 1.32640756e+06
 2.22037762e+04 1.31332173e+06
 2.22233671e+04 1.26530776e+06
 2.22429579e+04 1.27561819e+06
 2.22625487e+04 1.32027849e+06
 2.22821396e+04 1.33576494e+06
 2.23017304e+04 1.32126032e+06
 2.23213213e+04 1.35188928e+06
 2.23409121e+04 1.50213085e+06
 2.23605029e+04 1.48290951e+06
 2.23800938e+04 1.37706763e+06
 2.23996846e+04 1.33732045e+06
 2.24192754e+04 1.37861445e+06
 2.24388663e+04 1.45187660e+06
 2.24584571e+04 1.52378453e+06
 2.24780479e+04 1.55188149e+06
 2.24976388e+04 1.42419745e+06
 2.25172296e+04 1.41343834e+06
 2.25368205e+04 1.39292427e+06
 2.25564113e+04 1.34590860e+06
 2.25760021e+04 1.34164757e+06
 2.25955930e+04 1.31822447e+06
 2.26151838e+04 1.33458889e+06
 2.26347746e+04 1.35216874e+06
 2.26543655e+04 1.43847050e+06
 2.26739563e+04 1.47700868e+06
 2.26935471e+04 1.45845992e+06
 2.27131380e+04 1.46458700e+06
 2.27327288e+04 1.52449232e+06
 2.27523197e+04 1.43738655e+06
 2.27719105e+04 1.24168849e+06
 2.27915013e+04 1.22759808e+06
 2.28110922e+04 1.39154865e+06
 2.28306830e+04 1.34010683e+06
 2.28502738e+04 1.22094286e+06
 2.28698647e+04 1.23420480e+06
 2.28894555e+04 1.17867637e+06
 2.29090463e+04 1.26677738e+06
 2.29286372e+04 1.31485360e+06
 2.29482280e+04 1.35713705e+06
 2.29678189e+04 1.34229606e+06
 2.29874097e+04 1.23972524e+06
 2.30070005e+04 1.20302428e+06
 2.30265914e+04 1.32155055e+06
 2.30461822e+04 1.32158655e+06
 2.30657730e+04 1.30800894e+06
 2.30853639e+04 1.31871093e+06
 2.31049547e+04 1.28464078e+06
 2.31245455e+04 1.26500244e+06
 2.31441364e+04 1.29441891e+06
 2.31637272e+04 1.33814982e+06
 2.31833181e+04 1.24880011e+06
 2.32029089e+04 1.11541288e+06
 2.32224997e+04 1.10537418e+06
 2.32420906e+04 1.14292328e+06
 2.32616814e+04 1.22967651e+06
 2.32812722e+04 1.17232999e+06
 2.33008631e+04 1.19365456e+06
 2.33204539e+04 1.08055486e+06
 2.33400447e+04 1.12414787e+06
 2.33596356e+04 1.23500573e+06
 2.33792264e+04 1.17360763e+06
 2.33988173e+04 1.14262837e+06
 2.34184081e+04 1.16629344e+06
 2.34379989e+04 1.11509273e+06
 2.34575898e+04 1.08826249e+06
 2.34771806e+04 1.19481642e+06
 2.34967714e+04 1.21844107e+06
 2.35163623e+04 1.09771755e+06
 2.35359531e+04 1.12107794e+06
 2.35555439e+04 1.15045575e+06
 2.35751348e+04 1.14053108e+06
 2.35947256e+04 1.11184793e+06
 2.36143165e+04 1.20130254e+06
 2.36339073e+04 1.20950622e+06
 2.36534981e+04 1.19775671e+06
 2.36730890e+04 1.20531322e+06
 2.36926798e+04 1.15314055e+06
 2.37122706e+04 1.11684224e+06
 2.37318615e+04 1.14074658e+06
 2.37514523e+04 1.20646689e+06
 2.37710431e+04 1.21824339e+06
 2.37906340e+04 1.24951279e+06
 2.38102248e+04 1.17609982e+06
 2.38298157e+04 1.11514420e+06
 2.38494065e+04 1.25786833e+06
 2.38689973e+04 1.22521683e+06
 2.38885882e+04 1.17682654e+06
 2.39081790e+04 1.24806580e+06
 2.39277698e+04 1.25517290e+06
 2.39473607e+04 1.22085336e+06
 2.39669515e+04 1.28333342e+06
 2.39865423e+04 1.25772132e+06
 2.40061332e+04 1.19745798e+06
 2.40257240e+04 1.23769612e+06
 2.40453149e+04 1.20016416e+06
 2.40649057e+04 1.21679769e+06
 2.40844965e+04 1.24854430e+06
 2.41040874e+04 1.24501140e+06
 2.41236782e+04 1.17000073e+06
 2.41432690e+04 1.20374456e+06
 2.41628599e+04 1.20522015e+06
 2.41824507e+04 1.20202758e+06
 2.42020415e+04 1.14778362e+06
 2.42216324e+04 1.15953047e+06
 2.42412232e+04 1.11281943e+06
 2.42608141e+04 1.02896567e+06
 2.42804049e+04 1.07267169e+06
 2.42999957e+04 1.01820550e+06
 2.43195866e+04 1.04676500e+06
 2.43391774e+04 1.07557421e+06
 2.43587682e+04 1.01432915e+06
 2.43783591e+04 1.07003420e+06
 2.43979499e+04 1.12760360e+06
 2.44175407e+04 1.10248597e+06
 2.44371316e+04 1.20036158e+06
 2.44567224e+04 1.19507239e+06
 2.44763133e+04 1.19757607e+06
 2.44959041e+04 1.16789708e+06
 2.45154949e+04 1.14422311e+06
 2.45350858e+04 1.22552865e+06
 2.45546766e+04 1.18810889e+06
 2.45742674e+04 1.23257531e+06
 2.45938583e+04 1.15838926e+06
 2.46134491e+04 1.10937633e+06
 2.46330399e+04 1.14507046e+06
 2.46526308e+04 1.15987064e+06
 2.46722216e+04 1.10496704e+06
 2.46918125e+04 1.13072190e+06
 2.47114033e+04 1.11142084e+06
 2.47309941e+04 1.10163375e+06
 2.47505850e+04 1.10845745e+06
 2.47701758e+04 1.10027981e+06
 2.47897666e+04 1.11950652e+06
 2.48093575e+04 1.11343604e+06
 2.48289483e+04 1.07314953e+06
 2.48485391e+04 1.04791065e+06
 2.48681300e+04 1.07314768e+06
 2.48877208e+04 1.10814954e+06
 2.49073117e+04 1.07952117e+06
 2.49269025e+04 1.16575754e+06
 2.49464933e+04 1.12768508e+06
 2.49660842e+04 1.11486956e+06
 2.49856750e+04 1.03911164e+06
 2.50052658e+04 1.02481188e+06
 2.50248567e+04 1.11247648e+06
 2.50444475e+04 1.08060000e+06
 2.50640383e+04 9.96292420e+05
 2.50836292e+04 9.82200232e+05
 2.51032200e+04 1.06153083e+06
 2.51228109e+04 1.00757164e+06
 2.51424017e+04 9.72121697e+05
 2.51619925e+04 9.26042746e+05
 2.51815834e+04 8.82488035e+05
 2.52011742e+04 9.68155497e+05
 2.52207650e+04 9.68188434e+05
 2.52403559e+04 9.48583960e+05
 2.52599467e+04 1.03483991e+06
 2.52795375e+04 1.00052558e+06
 2.52991284e+04 9.98399459e+05
 2.53187192e+04 9.86829459e+05
 2.53383101e+04 9.38265624e+05
 2.53579009e+04 9.89314007e+05
 2.53774917e+04 9.80921015e+05
 2.53970826e+04 9.30056301e+05
 2.54166734e+04 9.55919577e+05
 2.54362642e+04 1.01197724e+06
 2.54558551e+04 1.00340782e+06
 2.54754459e+04 1.07087116e+06
 2.54950367e+04 1.06096815e+06
 2.55146276e+04 1.08382251e+06
 2.55342184e+04 1.01509547e+06
 2.55538093e+04 9.59239015e+05
 2.55734001e+04 9.53259184e+05
 2.55929909e+04 9.69024905e+05
 2.56125818e+04 9.88645409e+05
 2.56321726e+04 9.25988698e+05
 2.56517634e+04 8.99143122e+05
 2.56713543e+04 9.24098387e+05
 2.56909451e+04 9.77505482e+05
 2.57105359e+04 9.28373533e+05
 2.57301268e+04 9.14069989e+05
 2.57497176e+04 9.71472110e+05
 2.57693085e+04 9.63668402e+05
 2.57888993e+04 9.68495792e+05
 2.58084901e+04 9.83565594e+05
 2.58280810e+04 9.46182657e+05
 2.58476718e+04 9.86540255e+05
 2.58672626e+04 1.08950995e+06
 2.58868535e+04 9.73065020e+05
 2.59064443e+04 9.65182081e+05
 2.59260351e+04 9.37412401e+05
 2.59456260e+04 9.01755591e+05
 2.59652168e+04 9.53812552e+05
 2.59848077e+04 9.38391308e+05
 2.60043985e+04 8.74239848e+05
 2.60239893e+04 9.31138416e+05
 2.60435802e+04 9.91616175e+05
 2.60631710e+04 1.01453910e+06
 2.60827618e+04 9.62206078e+05
 2.61023527e+04 8.77568932e+05
 2.61219435e+04 9.19949380e+05
 2.61415343e+04 9.80896413e+05
 2.61611252e+04 9.56434731e+05
 2.61807160e+04 9.85407159e+05
 2.62003069e+04 9.85723918e+05
 2.62198977e+04 1.01731253e+06
 2.62394885e+04 1.04650903e+06
 2.62590794e+04 1.01761164e+06
 2.62786702e+04 9.52997406e+05
 2.62982610e+04 8.76999642e+05
 2.63178519e+04 8.99271726e+05
 2.63374427e+04 8.91968602e+05
 2.63570335e+04 9.72653989e+05
 2.63766244e+04 9.71828117e+05
 2.63962152e+04 9.75643215e+05
 2.64158061e+04 9.56554736e+05
 2.64353969e+04 9.82602192e+05
 2.64549877e+04 9.77177519e+05
 2.64745786e+04 9.68208562e+05
 2.64941694e+04 9.39954994e+05
 2.65137602e+04 1.03075060e+06
 2.65333511e+04 1.00963175e+06
 2.65529419e+04 9.22304847e+05
 2.65725327e+04 9.76600145e+05
 2.65921236e+04 1.01433679e+06
 2.66117144e+04 1.01671445e+06
 2.66313053e+04 9.88533479e+05
 2.66508961e+04 9.74738141e+05
 2.66704869e+04 9.91434625e+05
 2.66900778e+04 9.52903074e+05
 2.67096686e+04 9.74669524e+05
 2.67292594e+04 9.46035812e+05
 2.67488503e+04 9.12838860e+05
 2.67684411e+04 8.74185174e+05
 2.67880319e+04 7.75741149e+05
 2.68076228e+04 8.74613918e+05
 2.68272136e+04 8.98247004e+05
 2.68468045e+04 9.58787341e+05
 2.68663953e+04 9.80857641e+05
 2.68859861e+04 9.99965358e+05
 2.69055770e+04 9.90290137e+05
 2.69251678e+04 1.02981312e+06
 2.69447586e+04 1.02465367e+06
 2.69643495e+04 9.28276611e+05
 2.69839403e+04 8.36107882e+05
 2.70035311e+04 8.47885986e+05
 2.70231220e+04 9.42213917e+05
 2.70427128e+04 9.36291382e+05
 2.70623037e+04 1.02015741e+06
 2.70818945e+04 9.99339217e+05
 2.71014853e+04 1.02573084e+06
 2.71210762e+04 9.59369312e+05
 2.71406670e+04 9.37680216e+05
 2.71602578e+04 9.13772767e+05
 2.71798487e+04 8.70603044e+05
 2.71994395e+04 8.25210528e+05
 2.72190303e+04 8.47695298e+05
 2.72386212e+04 8.28574614e+05
 2.72582120e+04 8.33320820e+05
 2.72778029e+04 8.46090416e+05
 2.72973937e+04 8.70447154e+05
 2.73169845e+04 8.96514958e+05
 2.73365754e+04 9.72384748e+05
 2.73561662e+04 9.57416316e+05
 2.73757570e+04 9.26782313e+05
 2.73953479e+04 7.80623645e+05
 2.74149387e+04 7.14811501e+05
 2.74345295e+04 6.90984852e+05
 2.74541204e+04 6.99814387e+05
 2.74737112e+04 7.62250405e+05
 2.74933020e+04 8.12273520e+05
 2.75128929e+04 7.51866119e+05
 2.75324837e+04 7.57597403e+05
 2.75520746e+04 8.54819437e+05
 2.75716654e+04 8.78250572e+05
 2.75912562e+04 8.92041529e+05
 2.76108471e+04 9.25017138e+05
 2.76304379e+04 8.27779210e+05
 2.76500287e+04 8.44578758e+05
 2.76696196e+04 9.10603523e+05
 2.76892104e+04 9.28969853e+05
 2.77088012e+04 8.59061700e+05
 2.77283921e+04 7.90518639e+05
 2.77479829e+04 8.69698114e+05
 2.77675738e+04 8.98670642e+05
 2.77871646e+04 8.54277734e+05
 2.78067554e+04 7.92651576e+05
 2.78263463e+04 8.01138706e+05
 2.78459371e+04 8.39645497e+05
 2.78655279e+04 8.01658189e+05
 2.78851188e+04 8.06110522e+05
 2.79047096e+04 8.44053142e+05
 2.79243004e+04 8.24936481e+05
 2.79438913e+04 7.74578179e+05
 2.79634821e+04 6.65352555e+05
 2.79830730e+04 7.61765951e+05
 2.80026638e+04 7.74784754e+05
 2.80222546e+04 7.92133167e+05
 2.80418455e+04 8.04576451e+05
 2.80614363e+04 7.65733893e+05
 2.80810271e+04 7.41901249e+05
 2.81006180e+04 8.77231180e+05
 2.81202088e+04 7.48372667e+05
 2.81397996e+04 6.18207248e+05
 2.81593905e+04 6.74982718e+05
 2.81789813e+04 7.27427595e+05
 2.81985722e+04 7.40061605e+05
 2.82181630e+04 8.08510383e+05
 2.82377538e+04 8.25283054e+05
 2.82573447e+04 8.24308692e+05
 2.82769355e+04 8.01741949e+05
 2.82965263e+04 7.63888973e+05
 2.83161172e+04 7.40329040e+05
 2.83357080e+04 8.67529414e+05
 2.83552988e+04 8.56866085e+05
 2.83748897e+04 7.95396813e+05
 2.83944805e+04 7.49855434e+05
 2.84140714e+04 6.79116669e+05
 2.84336622e+04 6.31462858e+05
 2.84532530e+04 6.45529612e+05
 2.84728439e+04 6.11085156e+05
 2.84924347e+04 6.13399496e+05
 2.85120255e+04 7.14642337e+05
 2.85316164e+04 6.83600688e+05
 2.85512072e+04 6.19282863e+05
 2.85707980e+04 7.29342958e+05
 2.85903889e+04 6.46710907e+05
 2.86099797e+04 6.71575195e+05
 2.86295706e+04 8.03550000e+05
 2.86491614e+04 8.39380815e+05
 2.86687522e+04 8.47059257e+05
 2.86883431e+04 8.73004398e+05
 2.87079339e+04 7.84759904e+05
 2.87275247e+04 6.39558853e+05
 2.87471156e+04 5.82756882e+05
 2.87667064e+04 5.97730481e+05
 2.87862972e+04 5.44715376e+05
 2.88058881e+04 6.60974054e+05
 2.88254789e+04 7.02294698e+05
 2.88450698e+04 6.48945635e+05
 2.88646606e+04 7.74660567e+05
 2.88842514e+04 7.68849001e+05
 2.89038423e+04 7.63276842e+05
 2.89234331e+04 7.83864967e+05
 2.89430239e+04 8.06364908e+05
 2.89626148e+04 7.15701918e+05
 2.89822056e+04 7.48240252e+05
 2.90017964e+04 7.04332369e+05
 2.90213873e+04 6.55021561e+05
 2.90409781e+04 6.77547287e+05
 2.90605690e+04 6.88380591e+05
 2.90801598e+04 6.62613048e+05
 2.90997506e+04 7.03368608e+05
 2.91193415e+04 6.96090267e+05
 2.91389323e+04 6.85935837e+05
 2.91585231e+04 6.47788307e+05
 2.91781140e+04 6.95606195e+05
 2.91977048e+04 7.08552941e+05
 2.92172956e+04 7.61020909e+05
 2.92368865e+04 7.59928994e+05
 2.92564773e+04 7.23689305e+05
 2.92760682e+04 7.18341732e+05
 2.92956590e+04 7.04988239e+05
 2.93152498e+04 6.81009064e+05
 2.93348407e+04 6.97932193e+05
 2.93544315e+04 7.45798413e+05
 2.93740223e+04 7.43436217e+05
 2.93936132e+04 7.39982264e+05
 2.94132040e+04 7.28809925e+05
 2.94327948e+04 6.71318895e+05
 2.94523857e+04 6.58494966e+05
 2.94719765e+04 7.05515113e+05
 2.94915674e+04 6.66760438e+05
 2.95111582e+04 6.27739223e+05
 2.95307490e+04 6.64394196e+05
 2.95503399e+04 6.67271505e+05
 2.95699307e+04 7.09400143e+05
 2.95895215e+04 7.18133076e+05
 2.96091124e+04 6.82986815e+05
 2.96287032e+04 6.39624015e+05
 2.96482940e+04 6.16228073e+05
 2.96678849e+04 5.98313147e+05
 2.96874757e+04 6.27418352e+05
 2.97070666e+04 6.22600263e+05
 2.97266574e+04 6.44311049e+05
 2.97462482e+04 6.61846492e+05
 2.97658391e+04 6.66498746e+05
 2.97854299e+04 6.53975070e+05
 2.98050207e+04 6.59255080e+05
 2.98246116e+04 6.81884925e+05
 2.98442024e+04 5.39961518e+05
 2.98637932e+04 5.15670015e+05
 2.98833841e+04 5.76211325e+05
 2.99029749e+04 5.34381542e+05
 2.99225658e+04 5.56469626e+05
 2.99421566e+04 6.54225907e+05
 2.99617474e+04 6.97988008e+05
 2.99813383e+04 6.62661442e+05
 3.00009291e+04 6.72099374e+05
 3.00205199e+04 6.46369596e+05
 3.00401108e+04 6.02099590e+05
 3.00597016e+04 6.11608507e+05
 3.00792924e+04 5.98409889e+05
 3.00988833e+04 6.52899114e+05
 3.01184741e+04 6.43820664e+05
 3.01380650e+04 6.31433854e+05
 3.01576558e+04 6.49196477e+05
 3.01772466e+04 6.52473842e+05
 3.01968375e+04 6.49280082e+05
 3.02164283e+04 7.19072278e+05
 3.02360191e+04 7.90581051e+05
 3.02556100e+04 7.27907761e+05
 3.02752008e+04 7.31294924e+05
 3.02947916e+04 6.80492360e+05
 3.03143825e+04 6.64675569e+05
 3.03339733e+04 5.91122522e+05
 3.03535642e+04 5.97733655e+05
 3.03731550e+04 6.63714062e+05
 3.03927458e+04 6.96925716e+05
 3.04123367e+04 7.24741473e+05
 3.04319275e+04 6.20860554e+05
 3.04515183e+04 5.87078093e+05
 3.04711092e+04 5.69967538e+05
 3.04907000e+04 6.00120848e+05
 3.05102908e+04 6.23167410e+05
 3.05298817e+04 6.57030679e+05
 3.05494725e+04 6.76543563e+05
 3.05690634e+04 6.81127637e+05
 3.05886542e+04 6.69191888e+05
 3.06082450e+04 6.59991040e+05
 3.06278359e+04 7.03090275e+05
 3.06474267e+04 7.42971267e+05
 3.06670175e+04 7.84383681e+05
 3.06866084e+04 6.51542170e+05
 3.07061992e+04 5.51280331e+05
 3.07257900e+04 5.57710498e+05
 3.07453809e+04 5.21356635e+05
 3.07649717e+04 5.49188365e+05
 3.07845626e+04 5.26140947e+05
 3.08041534e+04 5.08349343e+05
 3.08237442e+04 5.63952753e+05
 3.08433351e+04 6.71854129e+05
 3.08629259e+04 6.32979380e+05
 3.08825167e+04 6.10545658e+05
 3.09021076e+04 5.69870828e+05
 3.09216984e+04 4.46518776e+05
 3.09412892e+04 4.56492909e+05
 3.09608801e+04 5.49366775e+05
 3.09804709e+04 5.74730920e+05
 3.10000618e+04 5.76869591e+05
 3.10196526e+04 6.08000239e+05
 3.10392434e+04 6.23552685e+05
 3.10588343e+04 6.43400863e+05
 3.10784251e+04 6.30179493e+05
 3.10980159e+04 6.37101327e+05
 3.11176068e+04 6.77108628e+05
 3.11371976e+04 6.98753322e+05
 3.11567884e+04 6.50966256e+05
 3.11763793e+04 6.27648676e+05
 3.11959701e+04 6.32068216e+05
 3.12155610e+04 5.65629245e+05
 3.12351518e+04 5.04927674e+05
 3.12547426e+04 5.13355438e+05
 3.12743335e+04 5.09476915e+05
 3.12939243e+04 5.68170087e+05
 3.13135151e+04 6.14473472e+05
 3.13331060e+04 6.23714421e+05
 3.13526968e+04 5.82385237e+05
 3.13722876e+04 5.31372999e+05
 3.13918785e+04 5.92612423e+05
 3.14114693e+04 6.30066669e+05
 3.14310602e+04 6.33986600e+05
 3.14506510e+04 6.21268603e+05
 3.14702418e+04 6.11889728e+05
 3.14898327e+04 6.01708584e+05
 3.15094235e+04 5.61127203e+05
 3.15290143e+04 5.68222527e+05
 3.15486052e+04 5.36258001e+05
 3.15681960e+04 5.28488155e+05
 3.15877868e+04 5.14379686e+05
 3.16073777e+04 5.93292243e+05
 3.16269685e+04 5.26588522e+05
 3.16465594e+04 4.96315298e+05
 3.16661502e+04 5.80150629e+05
 3.16857410e+04 6.22841082e+05
 3.17053319e+04 6.03085557e+05
 3.17249227e+04 6.37571170e+05
 3.17445135e+04 6.57798689e+05
 3.17641044e+04 6.32968886e+05
 3.17836952e+04 6.18305331e+05
 3.18032860e+04 5.80048201e+05
 3.18228769e+04 5.80384066e+05
 3.18424677e+04 6.36156433e+05
 3.18620586e+04 6.65418264e+05
 3.18816494e+04 6.55680190e+05
 3.19012402e+04 6.59350654e+05
 3.19208311e+04 6.15144322e+05
 3.19404219e+04 6.73593450e+05
 3.19600127e+04 6.18625688e+05
 3.19796036e+04 4.91973258e+05
 3.19991944e+04 4.75874631e+05
 3.20187852e+04 4.37497500e+05
 3.20383761e+04 5.22415985e+05
 3.20579669e+04 5.65760603e+05
 3.20775578e+04 5.95943768e+05
 3.20971486e+04 6.10632269e+05
 3.21167394e+04 5.78996095e+05
 3.21363303e+04 5.96389349e+05
 3.21559211e+04 5.50142549e+05
 3.21755119e+04 5.57516691e+05
 3.21951028e+04 5.69663941e+05
 3.22146936e+04 5.90534734e+05
 3.22342844e+04 5.88776642e+05
 3.22538753e+04 5.35065727e+05
 3.22734661e+04 4.89402758e+05
 3.22930570e+04 5.28885512e+05
 3.23126478e+04 5.35314425e+05
 3.23322386e+04 5.45070328e+05
 3.23518295e+04 5.65068199e+05
 3.23714203e+04 5.97056333e+05
 3.23910111e+04 5.98581311e+05
 3.24106020e+04 5.91752593e+05
 3.24301928e+04 6.30511960e+05
 3.24497836e+04 6.50524972e+05
 3.24693745e+04 5.82531223e+05
 3.24889653e+04 4.97289352e+05
 3.25085562e+04 4.57319282e+05
 3.25281470e+04 4.93694587e+05
 3.25477378e+04 5.08405249e+05
 3.25673287e+04 5.22784709e+05
 3.25869195e+04 5.36281990e+05
 3.26065103e+04 5.59930461e+05
 3.26261012e+04 5.62710606e+05
 3.26456920e+04 6.14303423e+05
 3.26652828e+04 5.94309791e+05
 3.26848737e+04 5.90795082e+05
 3.27044645e+04 5.91373692e+05
 3.27240554e+04 5.48032886e+05
 3.27436462e+04 4.93850221e+05
 3.27632370e+04 5.18656266e+05
 3.27828279e+04 5.57306499e+05
 3.28024187e+04 5.61885435e+05
 3.28220095e+04 5.96076837e+05
 3.28416004e+04 5.45106123e+05
 3.28611912e+04 4.71154180e+05
 3.28807820e+04 4.86642180e+05
 3.29003729e+04 5.14535172e+05
 3.29199637e+04 5.08573111e+05
 3.29395546e+04 5.20332661e+05
 3.29591454e+04 4.92941317e+05
 3.29787362e+04 4.23706868e+05
 3.29983271e+04 4.58049311e+05
 3.30179179e+04 5.36853253e+05
 3.30375087e+04 5.64237834e+05
 3.30570996e+04 5.32873088e+05
 3.30766904e+04 5.13930137e+05
 3.30962812e+04 4.89813087e+05
 3.31158721e+04 5.65666636e+05
 3.31354629e+04 6.06998120e+05
 3.31550538e+04 5.86012404e+05
 3.31746446e+04 5.97824299e+05
 3.31942354e+04 5.57962387e+05
 3.32138263e+04 5.26826746e+05
 3.32334171e+04 5.65134238e+05
 3.32530079e+04 5.97645258e+05
 3.32725988e+04 6.03550409e+05
 3.32921896e+04 5.82403812e+05
 3.33117804e+04 6.02322458e+05
 3.33313713e+04 5.94717642e+05
 3.33509621e+04 5.41581677e+05
 3.33705530e+04 5.59250536e+05
 3.33901438e+04 5.60340487e+05
 3.34097346e+04 5.53897737e+05
 3.34293255e+04 5.07465323e+05
 3.34489163e+04 5.07081917e+05
 3.34685071e+04 5.69815873e+05
 3.34880980e+04 5.24333700e+05
 3.35076888e+04 5.30022245e+05
 3.35272796e+04 5.20744407e+05
 3.35468705e+04 4.72990295e+05
 3.35664613e+04 4.24325883e+05
 3.35860522e+04 4.00666834e+05
 3.36056430e+04 4.28303357e+05
 3.36252338e+04 4.72465935e+05
 3.36448247e+04 4.37779099e+05
 3.36644155e+04 3.88698141e+05
 3.36840063e+04 4.21570686e+05
 3.37035972e+04 4.63449822e+05
 3.37231880e+04 5.22554823e+05
 3.37427788e+04 4.95997633e+05
 3.37623697e+04 4.40983682e+05
 3.37819605e+04 4.31732199e+05
 3.38015514e+04 4.31273310e+05
 3.38211422e+04 4.09800969e+05
 3.38407330e+04 5.21853545e+05
 3.38603239e+04 6.17845605e+05
 3.38799147e+04 6.69569479e+05
 3.38995055e+04 5.83762259e+05
 3.39190964e+04 5.17811842e+05
 3.39386872e+04 4.80356496e+05
 3.39582780e+04 4.61106457e+05
 3.39778689e+04 4.24841035e+05
 3.39974597e+04 4.40990572e+05
 3.40170506e+04 4.59021972e+05
 3.40366414e+04 5.28637588e+05
 3.40562322e+04 5.29961186e+05
 3.40758231e+04 6.27322102e+05
 3.40954139e+04 6.51249281e+05
 3.41150047e+04 6.35313165e+05
 3.41345956e+04 6.18993939e+05
 3.41541864e+04 5.42419276e+05
 3.41737772e+04 4.99529311e+05
 3.41933681e+04 4.52229723e+05
 3.42129589e+04 4.46845519e+05
 3.42325498e+04 4.93569099e+05
 3.42521406e+04 4.71142715e+05
 3.42717314e+04 4.73503407e+05
 3.42913223e+04 4.27549071e+05
 3.43109131e+04 4.78437604e+05
 3.43305039e+04 5.26219497e+05
 3.43500948e+04 5.78635872e+05
 3.43696856e+04 5.54989537e+05
 3.43892764e+04 4.78260657e+05
 3.44088673e+04 5.08410979e+05
 3.44284581e+04 5.21556901e+05
 3.44480490e+04 4.64795388e+05
 3.44676398e+04 4.40064294e+05
 3.44872306e+04 4.74330261e+05
 3.45068215e+04 4.94660731e+05
 3.45264123e+04 5.03932005e+05
 3.45460031e+04 5.35299643e+05
 3.45655940e+04 5.50702981e+05
 3.45851848e+04 5.17255464e+05
 3.46047756e+04 5.02548870e+05
 3.46243665e+04 4.22625248e+05
 3.46439573e+04 4.02628151e+05
 3.46635482e+04 4.16799078e+05
 3.46831390e+04 3.90421160e+05
 3.47027298e+04 3.72504739e+05
 3.47223207e+04 4.29701426e+05
 3.47419115e+04 5.51243026e+05
 3.47615023e+04 5.34978695e+05
 3.47810932e+04 5.24292879e+05
 3.48006840e+04 4.57238919e+05
 3.48202748e+04 5.01228329e+05
 3.48398657e+04 4.50802982e+05
 3.48594565e+04 4.36125207e+05
 3.48790474e+04 4.67128695e+05
 3.48986382e+04 4.99938377e+05
 3.49182290e+04 5.36550078e+05
 3.49378199e+04 5.42327133e+05
 3.49574107e+04 5.78111402e+05
 3.49770015e+04 5.25171542e+05
 3.49965924e+04 4.88283783e+05
 3.50161832e+04 5.16419828e+05
 3.50357740e+04 4.93139797e+05
 3.50553649e+04 5.12521132e+05
 3.50749557e+04 5.16565352e+05
 3.50945466e+04 4.97909314e+05
 3.51141374e+04 5.38630146e+05
 3.51337282e+04 5.24487199e+05
 3.51533191e+04 4.58427741e+05
 3.51729099e+04 4.94976756e+05
 3.51925007e+04 5.06395778e+05
 3.52120916e+04 5.19324815e+05
 3.52316824e+04 5.28205104e+05
 3.52512732e+04 4.84429419e+05
 3.52708641e+04 4.59679941e+05
 3.52904549e+04 4.51558488e+05
 3.53100458e+04 4.50217236e+05
 3.53296366e+04 4.94412568e+05
 3.53492274e+04 5.12740568e+05
 3.53688183e+04 4.91335264e+05
 3.53884091e+04 4.50648975e+05
 3.54079999e+04 3.71002586e+05
 3.54275908e+04 3.74997043e+05
 3.54471816e+04 4.00095613e+05
 3.54667724e+04 4.73416562e+05
 3.54863633e+04 4.99971299e+05
 3.55059541e+04 4.71897022e+05
 3.55255450e+04 4.34243016e+05
 3.55451358e+04 4.57225414e+05
 3.55647266e+04 5.14617107e+05
 3.55843175e+04 5.92306644e+05
 3.56039083e+04 6.10879988e+05
 3.56234991e+04 5.58817682e+05
 3.56430900e+04 4.79717617e+05
 3.56626808e+04 4.00375443e+05
 3.56822716e+04 4.05361075e+05
 3.57018625e+04 4.73784805e+05
 3.57214533e+04 5.21444412e+05
 3.57410441e+04 5.31170169e+05
 3.57606350e+04 4.81972199e+05
 3.57802258e+04 4.65610678e+05
 3.57998167e+04 4.24198718e+05
 3.58194075e+04 3.83418886e+05
 3.58389983e+04 4.33331574e+05
 3.58585892e+04 4.72919116e+05
 3.58781800e+04 4.48458674e+05
 3.58977708e+04 3.67097092e+05
 3.59173617e+04 2.99653207e+05
 3.59369525e+04 3.46385002e+05
 3.59565433e+04 3.77871246e+05
 3.59761342e+04 4.47652775e+05
 3.59957250e+04 4.59915357e+05
 3.60153159e+04 3.95436509e+05
 3.60349067e+04 3.69778543e+05
 3.60544975e+04 4.88372177e+05
 3.60740884e+04 5.02695447e+05
 3.60936792e+04 5.81593958e+05
 3.61132700e+04 5.39007761e+05
 3.61328609e+04 4.93548509e+05
 3.61524517e+04 4.23278407e+05
 3.61720425e+04 4.61893743e+05
 3.61916334e+04 4.04840717e+05
 3.62112242e+04 3.96224175e+05
 3.62308151e+04 3.98641852e+05
 3.62504059e+04 4.29142307e+05
 3.62699967e+04 4.90532446e+05
 3.62895876e+04 5.43819932e+05
 3.63091784e+04 5.63967948e+05
 3.63287692e+04 5.85969855e+05
 3.63483601e+04 5.62846610e+05
 3.63679509e+04 5.83093830e+05
 3.63875417e+04 5.33175752e+05
 3.64071326e+04 4.51929261e+05
 3.64267234e+04 4.80154870e+05
 3.64463143e+04 5.31004287e+05
 3.64659051e+04 5.12353503e+05
 3.64854959e+04 4.65803616e+05
 3.65050868e+04 4.16528389e+05
 3.65246776e+04 4.02966472e+05
 3.65442684e+04 4.15790645e+05
 3.65638593e+04 4.78750929e+05
 3.65834501e+04 5.14888665e+05
 3.66030409e+04 5.66098408e+05
 3.66226318e+04 5.73919280e+05
 3.66422226e+04 5.43656788e+05
 3.66618135e+04 5.10317165e+05
 3.66814043e+04 3.76565762e+05
 3.67009951e+04 3.69072272e+05
 3.67205860e+04 4.08195992e+05
 3.67401768e+04 4.79132127e+05
 3.67597676e+04 4.64107208e+05
 3.67793585e+04 4.48940577e+05
 3.67989493e+04 4.12704035e+05
 3.68185401e+04 3.40268351e+05
 3.68381310e+04 4.71444475e+05
 3.68577218e+04 5.48077371e+05
 3.68773127e+04 5.04572680e+05
 3.68969035e+04 4.46987601e+05
 3.69164943e+04 5.23520019e+05
 3.69360852e+04 5.20480428e+05
 3.69556760e+04 5.04921666e+05
 3.69752668e+04 5.53252650e+05
 3.69948577e+04 5.45195700e+05
 3.70144485e+04 4.81201323e+05
 3.70340393e+04 4.55519704e+05
 3.70536302e+04 4.98923421e+05
 3.70732210e+04 4.40691700e+05
 3.70928119e+04 4.41747561e+05
 3.71124027e+04 4.68855202e+05
 3.71319935e+04 5.15894642e+05
 3.71515844e+04 4.96278844e+05
 3.71711752e+04 4.84944905e+05
 3.71907660e+04 4.61330352e+05
 3.72103569e+04 3.93015058e+05
 3.72299477e+04 4.25155181e+05
 3.72495385e+04 4.73187167e+05
 3.72691294e+04 5.32922596e+05
 3.72887202e+04 5.03807812e+05
 3.73083111e+04 5.10957855e+05
 3.73279019e+04 4.79295574e+05
 3.73474927e+04 5.08604124e+05
 3.73670836e+04 4.84590441e+05
 3.73866744e+04 5.35150033e+05
 3.74062652e+04 5.70931498e+05
 3.74258561e+04 5.34494240e+05
 3.74454469e+04 5.20894207e+05
 3.74650377e+04 4.70877608e+05
 3.74846286e+04 4.68118275e+05
 3.75042194e+04 4.66016567e+05
 3.75238103e+04 4.11466498e+05
 3.75434011e+04 3.91034105e+05
 3.75629919e+04 4.23850796e+05
 3.75825828e+04 4.09576500e+05
 3.76021736e+04 4.58148434e+05
 3.76217644e+04 4.02438350e+05
 3.76413553e+04 3.66271285e+05
 3.76609461e+04 3.27829542e+05
 3.76805369e+04 3.78871019e+05
 3.77001278e+04 3.49196222e+05
 3.77197186e+04 3.74383594e+05
 3.77393095e+04 3.59354937e+05
 3.77589003e+04 3.44446812e+05
 3.77784911e+04 3.80240056e+05
 3.77980820e+04 3.87394366e+05
 3.78176728e+04 4.14154897e+05
 3.78372636e+04 4.57359949e+05
 3.78568545e+04 4.71645788e+05
 3.78764453e+04 4.38720880e+05
 3.78960361e+04 4.47100697e+05
 3.79156270e+04 4.29970579e+05
 3.79352178e+04 3.59698071e+05
 3.79548087e+04 2.95778430e+05
 3.79743995e+04 3.33814819e+05
 3.79939903e+04 3.97601950e+05
 3.80135812e+04 4.56678384e+05
 3.80331720e+04 4.87074259e+05
 3.80527628e+04 3.76312135e+05
 3.80723537e+04 3.39015789e+05
 3.80919445e+04 3.98085089e+05
 3.81115353e+04 4.04462068e+05
 3.81311262e+04 4.09818869e+05
 3.81507170e+04 3.15152934e+05
 3.81703079e+04 3.21942922e+05
 3.81898987e+04 3.38538454e+05
 3.82094895e+04 3.13635241e+05
 3.82290804e+04 3.32409964e+05
 3.82486712e+04 3.57854564e+05
 3.82682620e+04 3.45142982e+05
 3.82878529e+04 2.98264439e+05
 3.83074437e+04 1.89034852e+05
 3.83270345e+04 6.41638371e+04
 3.83466254e+04 -6.22508158e+04
 3.83662162e+04 -4.71694060e+04
 3.83858071e+04 -2.60379568e+04
 3.84053979e+04 -5.30934491e+04
 3.84249887e+04 -1.14829279e+05
 3.84445796e+04 -1.35506163e+05
 3.84641704e+04 -4.16898943e+04
 3.84837612e+04 -1.43224954e+03
 3.85033521e+04 1.02106840e+05
 3.85229429e+04 1.91148982e+05
 3.85425337e+04 2.39245916e+05
 3.85621246e+04 3.08223714e+05
 3.85817154e+04 2.46967082e+05
 3.86013063e+04 2.28908047e+05
 3.86208971e+04 2.17483967e+05
 3.86404879e+04 2.21894143e+05
 3.86600788e+04 2.49920598e+05
 3.86796696e+04 2.94492678e+05
 3.86992604e+04 3.00656119e+05
 3.87188513e+04 3.52618064e+05
 3.87384421e+04 3.34997809e+05
 3.87580329e+04 3.41889379e+05
 3.87776238e+04 3.45087343e+05
 3.87972146e+04 3.65220144e+05
 3.88168055e+04 3.38235582e+05
 3.88363963e+04 3.39383423e+05
 3.88559871e+04 3.12645965e+05
 3.88755780e+04 2.76859410e+05
 3.88951688e+04 2.82338281e+05
 3.89147596e+04 2.79678884e+05
 3.89343505e+04 2.80309605e+05
 3.89539413e+04 2.81547213e+05
 3.89735321e+04 2.81596945e+05
 3.89931230e+04 2.75191409e+05
 3.90127138e+04 2.30625850e+05
 3.90323047e+04 1.73450978e+05
 3.90518955e+04 1.42822967e+05
 3.90714863e+04 1.03458075e+05
 3.90910772e+04 1.36850862e+05
 3.91106680e+04 1.49440170e+05
 3.91302588e+04 8.60761368e+04
 3.91498497e+04 8.43851556e+04
 3.91694405e+04 1.90287973e+05
 3.91890313e+04 2.37711069e+05
 3.92086222e+04 2.06451443e+05
 3.92282130e+04 1.77292247e+05
 3.92478039e+04 2.02085368e+05
 3.92673947e+04 2.22786339e+05
 3.92869855e+04 2.40830641e+05
 3.93065764e+04 2.03083432e+05
 3.93261672e+04 1.44730211e+05
 3.93457580e+04 1.57503141e+05
 3.93653489e+04 2.21849335e+05
 3.93849397e+04 2.31092240e+05
 3.94045305e+04 2.18791479e+05
 3.94241214e+04 2.39614751e+05
 3.94437122e+04 2.26511151e+05
 3.94633031e+04 2.41928108e+05
 3.94828939e+04 2.73112965e+05
 3.95024847e+04 2.22207917e+05
 3.95220756e+04 2.14626652e+05
 3.95416664e+04 2.33499893e+05
 3.95612572e+04 2.22798284e+05
 3.95808481e+04 2.75240845e+05
 3.96004389e+04 2.44815173e+05
 3.96200297e+04 1.95259207e+05
 3.96396206e+04 1.84803264e+05
 3.96592114e+04 2.33338229e+05
 3.96788023e+04 2.40879943e+05
 3.96983931e+04 2.22390875e+05
 3.97179839e+04 2.62571261e+05
 3.97375748e+04 2.44377870e+05
 3.97571656e+04 2.19471220e+05
 3.97767564e+04 2.11924009e+05
 3.97963473e+04 1.89070003e+05
 3.98159381e+04 1.50961750e+05
 3.98355289e+04 1.32461772e+05
 3.98551198e+04 2.10581430e+05
 3.98747106e+04 2.61925273e+05
 3.98943015e+04 3.08759622e+05
 3.99138923e+04 3.29644808e+05
 3.99334831e+04 3.14344387e+05
 3.99530740e+04 2.66395058e+05
 3.99726648e+04 2.66608980e+05
 3.99922556e+04 1.98251212e+05
 4.00118465e+04 2.09157578e+05
 4.00314373e+04 2.41362354e+05
 4.00510281e+04 1.72839867e+05
 4.00706190e+04 1.94589771e+05
 4.00902098e+04 2.49121608e+05
 4.01098007e+04 2.50164663e+05
 4.01293915e+04 2.93030729e+05
 4.01489823e+04 3.45403694e+05
 4.01685732e+04 3.06136713e+05
 4.01881640e+04 2.94339741e+05
 4.02077548e+04 3.45937756e+05
 4.02273457e+04 3.06789217e+05
 4.02469365e+04 3.29739273e+05
 4.02665273e+04 2.05759679e+05
 4.02861182e+04 1.91536513e+05
 4.03057090e+04 1.69735264e+05
 4.03252999e+04 2.75697586e+05
 4.03448907e+04 2.33514055e+05
 4.03644815e+04 1.88767917e+05
 4.03840724e+04 1.93011760e+05
 4.04036632e+04 1.95287154e+05
 4.04232540e+04 2.06126414e+05
 4.04428449e+04 2.48273518e+05
 4.04624357e+04 2.34916623e+05
 4.04820265e+04 2.23591646e+05
 4.05016174e+04 1.74471991e+05
 4.05212082e+04 2.04381780e+05
 4.05407991e+04 1.91417704e+05
 4.05603899e+04 2.08751445e+05
 4.05799807e+04 2.34887856e+05
 4.05995716e+04 2.25033436e+05
 4.06191624e+04 2.09577876e+05
 4.06387532e+04 1.71444361e+05
 4.06583441e+04 1.81300772e+05
 4.06779349e+04 1.90333996e+05
 4.06975257e+04 2.34106842e+05
 4.07171166e+04 2.25559333e+05
 4.07367074e+04 1.91179416e+05
 4.07562983e+04 1.01620090e+05
 4.07758891e+04 1.00126224e+05
 4.07954799e+04 1.13448337e+05
 4.08150708e+04 1.18406228e+05
 4.08346616e+04 2.20086986e+05
 4.08542524e+04 2.15797306e+05
 4.08738433e+04 1.70656444e+05
 4.08934341e+04 1.26421956e+05
 4.09130249e+04 8.21802933e+04
 4.09326158e+04 1.29659630e+05
 4.09522066e+04 1.49136375e+05
 4.09717975e+04 2.20354301e+05
 4.09913883e+04 2.05961650e+05
 4.10109791e+04 1.40278351e+05
 4.10305700e+04 1.45190305e+05
 4.10501608e+04 1.55907857e+05
 4.10697516e+04 1.29821158e+05
 4.10893425e+04 1.33267360e+05
 4.11089333e+04 6.73777545e+04
 4.11285241e+04 1.35532019e+05
 4.11481150e+04 1.52538150e+05
 4.11677058e+04 1.50337728e+05
 4.11872967e+04 1.36783025e+05
 4.12068875e+04 1.98278826e+05
 4.12264783e+04 1.77497553e+05
 4.12460692e+04 1.63003347e+05
 4.12656600e+04 1.58314829e+05
 4.12852508e+04 1.14590456e+05
 4.13048417e+04 1.73982240e+05
 4.13244325e+04 1.56869141e+05
 4.13440233e+04 1.88161523e+05
 4.13636142e+04 1.46877166e+05
 4.13832050e+04 1.47563460e+05
 4.14027959e+04 1.22800256e+05
 4.14223867e+04 1.49459319e+05
 4.14419775e+04 1.88249539e+05
 4.14615684e+04 1.28174168e+05
 4.14811592e+04 9.76757190e+04
 4.15007500e+04 1.22619942e+05
 4.15203409e+04 1.58296869e+05
 4.15399317e+04 1.62108813e+05
 4.15595225e+04 1.28454629e+05
 4.15791134e+04 8.78936389e+04
 4.15987042e+04 7.65956349e+04
 4.16182951e+04 9.36243361e+04
 4.16378859e+04 6.98488377e+04
 4.16574767e+04 5.34294543e+04
 4.16770676e+04 1.02478747e+05
 4.16966584e+04 1.10479438e+05
 4.17162492e+04 1.26513590e+05
 4.17358401e+04 1.12536213e+05
 4.17554309e+04 1.20240812e+05
 4.17750217e+04 1.27696920e+05
 4.17946126e+04 1.56810491e+05
 4.18142034e+04 1.00090521e+05
 4.18337943e+04 9.71401885e+04
 4.18533851e+04 7.22495392e+04
 4.18729759e+04 1.07824182e+05
 4.18925668e+04 1.00182693e+05
 4.19121576e+04 9.93258431e+04
 4.19317484e+04 5.97246655e+03
 4.19513393e+04 4.69547588e+04
 4.19709301e+04 5.65888290e+04
 4.19905209e+04 9.75592613e+04
 4.20101118e+04 1.25320268e+05
 4.20297026e+04 9.07570358e+04
 4.20492935e+04 5.71100416e+04
 4.20688843e+04 9.44273690e+04
 4.20884751e+04 1.36038934e+05
 4.21080660e+04 9.51727962e+04
 4.21276568e+04 6.88985080e+04
 4.21472476e+04 4.58569878e+04
 4.21668385e+04 2.16568557e+04
 4.21864293e+04 5.49593063e+04
 4.22060201e+04 1.32578979e+05
 4.22256110e+04 9.84320307e+04
 4.22452018e+04 8.07700273e+04
 4.22647927e+04 8.08388006e+04
 4.22843835e+04 5.88506661e+04
 4.23039743e+04 1.90709515e+03
 4.23235652e+04 6.08600515e+04
 4.23431560e+04 8.85047018e+04
 4.23627468e+04 6.76961397e+04
 4.23823377e+04 4.04550775e+04
 4.24019285e+04 5.87557814e+04
 4.24215193e+04 5.45715473e+04
 4.24411102e+04 6.14933521e+04
 4.24607010e+04 9.94014094e+04
 4.24802919e+04 1.03319840e+05
 4.24998827e+04 1.89688550e+04
 4.25194735e+04 -2.55936385e+04
 4.25390644e+04 9.05455710e+03
 4.25586552e+04 2.46392404e+04
 4.25782460e+04 3.74109132e+04
 4.25978369e+04 6.04972753e+04
 4.26174277e+04 9.82590860e+04
 4.26370185e+04 1.12789817e+05
 4.26566094e+04 1.15947536e+05
 4.26762002e+04 1.04849759e+05
 4.26957911e+04 6.03298787e+04
 4.27153819e+04 7.63968772e+04
 4.27349727e+04 6.11387346e+04
 4.27545636e+04 6.94427455e+04
 4.27741544e+04 8.39408524e+04
 4.27937452e+04 6.66711534e+04
 4.28133361e+04 1.30560439e+05
 4.28329269e+04 8.40810765e+04
 4.28525177e+04 3.51322447e+04
 4.28721086e+04 9.40862117e+03
 4.28916994e+04 3.37825526e+04
 4.29112903e+04 5.30904553e+04
 4.29308811e+04 6.02982081e+04
 4.29504719e+04 5.26102683e+04
 4.29700628e+04 2.98790115e+04
 4.29896536e+04 3.06033088e+04
 4.30092444e+04 3.01449952e+04
 4.30288353e+04 4.42017982e+04
 4.30484261e+04 5.76539695e+04
 4.30680169e+04 4.74436015e+04
 4.30876078e+04 6.15429486e+04
 4.31071986e+04 9.52136398e+04
 4.31267895e+04 8.22215252e+04
 4.31463803e+04 4.05140926e+04
 4.31659711e+04 3.66591900e+04
 4.31855620e+04 2.47106315e+04
 4.32051528e+04 -7.70649172e+03
 4.32247436e+04 5.82622108e+03
 4.32443345e+04 -3.47654966e+03
 4.32639253e+04 -2.93716155e+04
 4.32835161e+04 5.19300315e+03
 4.33031070e+04 2.97389993e+04
 4.33226978e+04 -1.59221548e+04
 4.33422887e+04 1.99983843e+04
 4.33618795e+04 -1.77932328e+04
 4.33814703e+04 4.49694315e+03
 4.34010612e+04 3.25299242e+04
 4.34206520e+04 4.89740700e+04
 4.34402428e+04 1.20841400e+05
 4.34598337e+04 1.23507684e+05
 4.34794245e+04 1.74827534e+05
 4.34990153e+04 1.36099825e+05
 4.35186062e+04 6.66165418e+04
 4.35381970e+04 -4.01991590e+04
 4.35577879e+04 -2.93178156e+04
 4.35773787e+04 -1.39390952e+04
 4.35969695e+04 -3.36832808e+04
 4.36165604e+04 1.59178785e+04
 4.36361512e+04 -2.16546819e+04
 4.36557420e+04 1.32918788e+04
 4.36753329e+04 5.73519710e+04
 4.36949237e+04 2.60876786e+04
 4.37145145e+04 6.61163034e+03
 4.37341054e+04 7.97541540e+03
 4.37536962e+04 4.20379003e+03
 4.37732871e+04 -6.51354836e+03
 4.37928779e+04 -3.06911996e+04
 4.38124687e+04 1.41816306e+04
 4.38320596e+04 9.78713313e+03
 4.38516504e+04 5.13302515e+03
 4.38712412e+04 -7.02172173e+04
 4.38908321e+04 -5.65990062e+04
 4.39104229e+04 3.86713894e+04
 4.39300137e+04 4.22960065e+04
 4.39496046e+04 1.50640436e+04
 4.39691954e+04 3.27798863e+04
 4.39887862e+04 3.87813055e+04
 4.40083771e+04 -3.59098008e+04
 4.40279679e+04 -1.82503937e+04
 4.40475588e+04 -1.96863585e+04
 4.40671496e+04 7.46559249e+03
 4.40867404e+04 -1.55494713e+04
 4.41063313e+04 -2.88184311e+04
 4.41259221e+04 3.44734001e+04
 4.41455129e+04 9.46284579e+04
 4.41651038e+04 1.57680058e+05
 4.41846946e+04 2.99816139e+04
 4.42042854e+04 -5.78506302e+04
 4.42238763e+04 -6.84257261e+04
 4.42434671e+04 -6.98900187e+04
 4.42630580e+04 -6.64535205e+04
 4.42826488e+04 -3.92616287e+04
 4.43022396e+04 -2.43885563e+04
 4.43218305e+04 1.68165767e+03
 4.43414213e+04 2.58147891e+04
 4.43610121e+04 6.18383918e+04
 4.43806030e+04 4.61017391e+04
 4.44001938e+04 5.10135868e+04
 4.44197846e+04 5.76603668e+04
 4.44393755e+04 3.50742334e+04
 4.44589663e+04 -2.23001624e+04
 4.44785572e+04 -5.75113144e+04
 4.44981480e+04 -3.28652345e+04
 4.45177388e+04 -2.64061833e+04
 4.45373297e+04 3.01321563e+04
 4.45569205e+04 8.76304787e+04
 4.45765113e+04 8.14113292e+04
 4.45961022e+04 8.57372635e+03
 4.46156930e+04 1.23254984e+04
 4.46352838e+04 2.81296936e+04
 4.46548747e+04 -2.78920704e+04
 4.46744655e+04 3.25149714e+04
 4.46940564e+04 -1.07584081e+04
 4.47136472e+04 1.57673194e+04
 4.47332380e+04 7.99713449e+03
 4.47528289e+04 3.55595884e+04
 4.47724197e+04 5.30875046e+04
 4.47920105e+04 7.21035517e+04
 4.48116014e+04 2.63975829e+04
 4.48311922e+04 6.94817371e+04
 4.48507830e+04 -1.02500289e+04
 4.48703739e+04 6.23195104e+04
 4.48899647e+04 5.43360904e+04
 4.49095556e+04 7.28131624e+04
 4.49291464e+04 2.12881031e+04
 4.49487372e+04 -4.00740992e+04
 4.49683281e+04 -3.42795581e+03
 4.49879189e+04 -3.36290227e+04
 4.50075097e+04 -2.71974953e+04
 4.50271006e+04 5.24580594e+04
 4.50466914e+04 5.70379205e+04
 4.50662822e+04 -8.28944259e+03
 4.50858731e+04 6.57941740e+03
 4.51054639e+04 -4.82566150e+03
 4.51250548e+04 9.79398720e+03
 4.51446456e+04 -2.00182504e+04
 4.51642364e+04 -4.98740815e+04
 4.51838273e+04 1.18031648e+04
 4.52034181e+04 5.57357470e+04
 4.52230089e+04 5.78807286e+04
 4.52425998e+04 4.78755999e+04
 4.52621906e+04 -9.75487073e+03
 4.52817814e+04 1.37057999e+04
 4.53013723e+04 6.19332293e+04
 4.53209631e+04 6.52951197e+04
 4.53405540e+04 1.04125989e+03
 4.53601448e+04 -3.72581953e+04
 4.53797356e+04 2.67678803e+04
 4.53993265e+04 8.52851513e+04
 4.54189173e+04 -4.68244483e+04
 4.54385081e+04 1.09489927e+04
 4.54580990e+04 1.36143303e+04
 4.54776898e+04 -3.68496390e+04
 4.54972806e+04 -5.12342663e+04
 4.55168715e+04 -5.28768641e+04
 4.55364623e+04 -3.89308687e+04
 4.55560532e+04 -9.06842317e+04
 4.55756440e+04 -7.39840768e+04
 4.55952348e+04 -8.85181109e+04
 4.56148257e+04 -2.89300814e+04
 4.56344165e+04 -6.39178410e+03
 4.56540073e+04 -8.51427043e+03
 4.56735982e+04 -3.34772613e+03
 4.56931890e+04 6.14305732e+04
 4.57127798e+04 4.24705569e+04
 4.57323707e+04 -6.21056004e+03
 4.57519615e+04 -2.32273742e+04
 4.57715524e+04 1.45071910e+04
 4.57911432e+04 3.20948848e+04
 4.58107340e+04 -2.00300165e+04
 4.58303249e+04 1.47735551e+04
 4.58499157e+04 -1.14182082e+04
 4.58695065e+04 -2.25008300e+04
 4.58890974e+04 -5.32704410e+04
 4.59086882e+04 -7.38584165e+04
 4.59282790e+04 -1.41005482e+04
 4.59478699e+04 3.41411260e+04
 4.59674607e+04 -5.93664084e+03
 4.59870516e+04 -4.78698042e+04
 4.60066424e+04 -2.78707193e+04
 4.60262332e+04 -5.17825826e+04
 4.60458241e+04 -8.35142649e+04
 4.60654149e+04 1.70844570e+04
 4.60850057e+04 3.99227299e+04
 4.61045966e+04 2.04515812e+04
 4.61241874e+04 4.56824184e+03
 4.61437782e+04 -3.42063156e+04
 4.61633691e+04 -6.64838822e+04
 4.61829599e+04 -8.74805531e+04
 4.62025508e+04 -5.03542626e+04
 4.62221416e+04 -6.69707522e+04
 4.62417324e+04 -6.93529854e+04
 4.62613233e+04 -5.84140471e+04
 4.62809141e+04 -1.46311223e+04
 4.63005049e+04 -1.59410557e+04
 4.63200958e+04 -3.23504622e+04
 4.63396866e+04 -8.11645757e+04
 4.63592774e+04 -3.57968212e+04
 4.63788683e+04 3.70014944e+03
 4.63984591e+04 7.43774204e+03
 4.64180500e+04 2.30717425e+04
 4.64376408e+04 -2.86583116e+04
 4.64572316e+04 -8.10576343e+03
 4.64768225e+04 -2.85025803e+04
 4.64964133e+04 -8.23112522e+04
 4.65160041e+04 -7.35752246e+04
 4.65355950e+04 -6.25224347e+04
 4.65551858e+04 8.61001522e+03
 4.65747766e+04 -4.82202583e+04
 4.65943675e+04 -1.94333305e+04
 4.66139583e+04 -2.29002193e+04
 4.66335492e+04 -2.90103528e+04
 4.66531400e+04 1.07048675e+04
 4.66727308e+04 8.65408712e+03
 4.66923217e+04 7.68867753e+03
 4.67119125e+04 -5.75148998e+04
 4.67315033e+04 -1.07307370e+05
 4.67510942e+04 -1.17815980e+05
 4.67706850e+04 -6.37614123e+04
 4.67902758e+04 -2.82482752e+04
 4.68098667e+04 -1.15346659e+03
 4.68294575e+04 -2.10834384e+04
 4.68490484e+04 -1.10432682e+04
 4.68686392e+04 -4.83556898e+04
 4.68882300e+04 1.06101468e+04
 4.69078209e+04 2.14396363e+04
 4.69274117e+04 8.14554352e+03
 4.69470025e+04 -1.61418624e+04
 4.69665934e+04 -5.35350635e+04
 4.69861842e+04 -1.12668341e+05
 4.70057750e+04 -1.00978536e+05
 4.70253659e+04 -1.07668304e+05
 4.70449567e+04 -4.38667098e+04
 4.70645476e+04 -5.77808328e+03
 4.70841384e+04 -7.23639816e+04
 4.71037292e+04 -5.30783329e+03
 4.71233201e+04 -4.06617505e+04
 4.71429109e+04 -4.66078239e+04
 4.71625017e+04 -6.71438099e+04
 4.71820926e+04 -1.43134057e+05
 4.72016834e+04 -1.09441280e+05
 4.72212742e+04 -2.36139366e+04
 4.72408651e+04 -3.63687780e+04
 4.72604559e+04 1.22736115e+03
 4.72800468e+04 -1.73860442e+04
 4.72996376e+04 -5.84266998e+04
 4.73192284e+04 -1.23559665e+05
 4.73388193e+04 -1.14800314e+05
 4.73584101e+04 -4.82221588e+04
 4.73780009e+04 2.56381483e+04
 4.73975918e+04 7.63943281e+04
 4.74171826e+04 4.08968063e+04
 4.74367734e+04 1.78854247e+04
 4.74563643e+04 -4.94052837e+04
 4.74759551e+04 -1.49436489e+05
 4.74955460e+04 -1.08731877e+05
 4.75151368e+04 -1.28056193e+04
 4.75347276e+04 1.09914217e+04
 4.75543185e+04 -5.42342611e+04
 4.75739093e+04 8.51083801e+03
 4.75935001e+04 -1.06779990e+05
 4.76130910e+04 -6.77241644e+04
 4.76326818e+04 -3.03163738e+04
 4.76522726e+04 -8.37975373e+04
 4.76718635e+04 -2.48297638e+04
 4.76914543e+04 -8.38026637e+04
 4.77110452e+04 2.42592185e+04
 4.77306360e+04 -1.85695575e+04
 4.77502268e+04 -7.61266196e+04
 4.77698177e+04 -3.52522147e+04
 4.77894085e+04 -1.37942635e+05
 4.78089993e+04 -1.70838807e+05
 4.78285902e+04 2.05138739e+03
 4.78481810e+04 -5.99301597e+04
 4.78677718e+04 -4.86573248e+04
 4.78873627e+04 -1.72304617e+04
 4.79069535e+04 8.51179728e+02
 4.79265444e+04 -6.23995838e+04
 4.79461352e+04 4.54072219e+03
 4.79657260e+04 4.92840231e+04
 4.79853169e+04 -1.01094735e+05
 4.80049077e+04 2.91824230e+04
 4.80244985e+04 -6.67463872e+04
 4.80440894e+04 -2.77894986e+04
 4.80636802e+04 -5.58678114e+04
 4.80832710e+04 -2.02465911e+04
 4.81028619e+04 3.89938193e+03
 4.81224527e+04 6.14050897e+04
 4.81420436e+04 -5.23707328e+04
 4.81616344e+04 -8.60208658e+04
 4.81812252e+04 -8.15039277e+04
 4.82008161e+04 -1.08337618e+05
 4.82204069e+04 -7.46342511e+04
 4.82399977e+04 -5.94386524e+04
 4.82595886e+04 -1.52379903e+05
 4.82791794e+04 -1.44262840e+05
 4.82987702e+04 -8.26322676e+04
 4.83183611e+04 -8.39180700e+04
 4.83379519e+04 -8.79610059e+04
 4.83575428e+04 -8.11754718e+02
 4.83771336e+04 -1.50272792e+05
 4.83967244e+04 -6.72375266e+04
 4.84163153e+04 -1.10454702e+05
 4.84359061e+04 -3.26063222e+04
 4.84554969e+04 -1.32340358e+05
 4.84750878e+04 -6.57863184e+04
 4.84946786e+04 1.76969962e+04
 4.85142694e+04 -2.42758800e+05
 4.85338603e+04 -9.96702573e+04
 4.85534511e+04 1.85707227e+04
 4.85730420e+04 -9.39651400e+04
 4.85926328e+04 -6.60225348e+02
 4.86122236e+04 -1.39469179e+05
 4.86318145e+04 -2.12480090e+05
 4.86514053e+04 -1.49074439e+05
 4.86709961e+04 -1.11098156e+05
 4.86905870e+04 -1.79576674e+05
 4.87101778e+04 -2.05803342e+05
 4.87297686e+04 -1.42178896e+05
 4.87493595e+04 -9.32890314e+04
 4.87689503e+04 -1.48082908e+05
 4.87885412e+04 -3.97144377e+05
 4.88081320e+04 -1.58044003e+05
 4.88277228e+04 -9.58016038e+04
 4.88473137e+04 2.37273717e+04
 4.88669045e+04 -2.89508649e+05
 4.88864953e+04 -2.20162047e+05
 4.89060862e+04 5.86181201e+04
 4.89256770e+04 3.68949185e+04
 4.89452678e+04 -1.59440522e+05
 4.89648587e+04 -2.65470221e+05
 4.89844495e+04 -4.22152595e+05
 4.90040404e+04 -1.39331870e+06
 4.90236312e+04 -1.88522955e+06
 4.90432220e+04 -2.90213237e+06
 4.90628129e+04 -4.38025181e+05
 4.90824037e+04 -1.44605476e+06
 4.91019945e+04 -2.70785057e+05
 4.91215854e+04 -6.99632282e+05
 4.91411762e+04 -2.51632586e+05
 4.91607670e+04 -9.44274524e+05
 4.91803579e+04 -7.90129066e+05
 4.91999487e+04 -7.03764118e+05
 4.92195396e+04 -1.79368924e+06
 4.92391304e+04 -3.12256029e+06
 4.92587212e+04 -5.57662202e+05
 4.92783121e+04 -2.96535848e+06
 4.92979029e+04 -1.56987554e+06
 4.93174937e+04 9.82832845e+04
 4.93370846e+04 1.17499660e+06
 4.93566754e+04 -1.40668627e+06
 4.93762662e+04 -1.31093475e+06
 4.93958571e+04 -4.13217210e+05
 4.94154479e+04 -1.57313628e+06
 4.94350388e+04 1.20393031e+06
 4.94546296e+04 -1.43972618e+06
 4.94742204e+04 -2.32376259e+06
 4.94938113e+04 -2.11423922e+05
 4.95134021e+04 -4.10777632e+06
