 2.38792322e+02 1.32700207e+05
 2.47963345e+02 1.97916010e+07
 2.57134367e+02 2.14082614e+07
 2.66305390e+02 2.02742053e+07
 2.75476413e+02 1.99921770e+07
 2.84647435e+02 2.00634972e+07
 2.93818458e+02 1.92444136e+07
 3.02989481e+02 1.72198275e+07
 3.12160504e+02 1.66771976e+07
 3.21331526e+02 1.70066083e+07
 3.30502549e+02 1.60503273e+07
 3.39673572e+02 1.75562386e+07
 3.48844595e+02 1.78557333e+07
 3.58015617e+02 1.80782459e+07
 3.67186640e+02 1.87489031e+07
 3.76357663e+02 1.77614048e+07
 3.85528686e+02 1.83243587e+07
 3.94699708e+02 1.99241630e+07
 4.03870731e+02 2.07806374e+07
 4.13041754e+02 1.96975572e+07
 4.22212776e+02 2.18468962e+07
 4.31383799e+02 2.43857598e+07
 4.40554822e+02 2.42652284e+07
 4.49725845e+02 2.46726948e+07
 4.58896867e+02 2.48758675e+07
 4.68067890e+02 2.43923763e+07
 4.77238913e+02 2.47206653e+07
 4.86409936e+02 2.56424743e+07
 4.95580958e+02 2.59782419e+07
 5.04751981e+02 2.69336644e+07
 5.13923004e+02 2.65778112e+07
 5.23094026e+02 2.62213303e+07
 5.32265049e+02 2.48156686e+07
 5.41436072e+02 2.45365408e+07
 5.50607095e+02 2.43242686e+07
 5.59778117e+02 2.50470669e+07
 5.68949140e+02 2.42283318e+07
 5.78120163e+02 2.37815012e+07
 5.87291186e+02 2.40116586e+07
 5.96462208e+02 2.19908964e+07
 6.05633231e+02 2.17271711e+07
 6.14804254e+02 2.19606554e+07
 6.23975277e+02 2.11318175e+07
 6.33146299e+02 2.09339574e+07
 6.42317322e+02 2.00209289e+07
 6.51488345e+02 2.06428276e+07
 6.60659367e+02 2.11368268e+07
 6.69830390e+02 2.14652924e+07
 6.79001413e+02 2.05907011e+07
 6.88172436e+02 2.04155274e+07
 6.97343458e+02 1.99653992e+07
 7.06514481e+02 2.06654202e+07
 7.15685504e+02 1.99584704e+07
 7.24856527e+02 2.00305978e+07
 7.34027549e+02 1.94816626e+07
 7.43198572e+02 2.03510238e+07
 7.52369595e+02 1.86340156e+07
 7.61540618e+02 1.85269319e+07
 7.70711640e+02 1.84091011e+07
 7.79882663e+02 1.92068450e+07
 7.89053686e+02 1.85072906e+07
 7.98224708e+02 1.77484759e+07
 8.07395731e+02 1.84675741e+07
 8.16566754e+02 1.93471361e+07
 8.25737777e+02 1.97076986e+07
 8.34908799e+02 1.89344389e+07
 8.44079822e+02 1.91433320e+07
 8.53250845e+02 1.92766114e+07
 8.62421868e+02 1.83303726e+07
 8.71592890e+02 1.89399569e+07
 8.80763913e+02 1.80526937e+07
 8.89934936e+02 1.81012733e+07
 8.99105958e+02 1.94015011e+07
 9.08276981e+02 1.83169288e+07
 9.17448004e+02 1.71390024e+07
 9.26619027e+02 1.68567263e+07
 9.35790049e+02 1.58963147e+07
 9.44961072e+02 1.64365126e+07
 9.54132095e+02 1.70315453e+07
 9.63303118e+02 1.68541905e+07
 9.72474140e+02 1.65816799e+07
 9.81645163e+02 1.58280858e+07
 9.90816186e+02 1.59120349e+07
 9.99987209e+02 1.62867615e+07
 1.00915823e+03 1.50331436e+07
 1.01832925e+03 1.54023749e+07
 1.02750028e+03 1.58050550e+07
 1.03667130e+03 1.57806594e+07
 1.04584232e+03 1.54301004e+07
 1.05501334e+03 1.53129899e+07
 1.06418437e+03 1.57760848e+07
 1.07335539e+03 1.61018573e+07
 1.08252641e+03 1.63617984e+07
 1.09169744e+03 1.57217183e+07
 1.10086846e+03 1.55779123e+07
 1.11003948e+03 1.54641032e+07
 1.11921050e+03 1.50702161e+07
 1.12838153e+03 1.48689815e+07
 1.13755255e+03 1.45435759e+07
 1.14672357e+03 1.47557420e+07
 1.15589459e+03 1.44929257e+07
 1.16506562e+03 1.43015382e+07
 1.17423664e+03 1.39875278e+07
 1.18340766e+03 1.39837951e+07
 1.19257869e+03 1.37791266e+07
 1.20174971e+03 1.45066055e+07
 1.21092073e+03 1.36768186e+07
 1.22009175e+03 1.29614285e+07
 1.22926278e+03 1.31453834e+07
 1.23843380e+03 1.37327741e+07
 1.24760482e+03 1.37382334e+07
 1.25677584e+03 1.34256851e+07
 1.26594687e+03 1.30484438e+07
 1.27511789e+03 1.33452768e+07
 1.28428891e+03 1.30282296e+07
 1.29345994e+03 1.24539894e+07
 1.30263096e+03 1.29686543e+07
 1.31180198e+03 1.27523330e+07
 1.32097300e+03 1.30712599e+07
 1.33014403e+03 1.26313181e+07
 1.33931505e+03 1.21275960e+07
 1.34848607e+03 1.23567467e+07
 1.35765710e+03 1.26679008e+07
 1.36682812e+03 1.22232130e+07
 1.37599914e+03 1.19200643e+07
 1.38517016e+03 1.23219196e+07
 1.39434119e+03 1.21110232e+07
 1.40351221e+03 1.16519150e+07
 1.41268323e+03 1.15166728e+07
 1.42185425e+03 1.18592405e+07
 1.43102528e+03 1.17391360e+07
 1.44019630e+03 1.12734538e+07
 1.44936732e+03 1.14409294e+07
 1.45853835e+03 1.14987207e+07
 1.46770937e+03 1.14794440e+07
 1.47688039e+03 1.14972778e+07
 1.48605141e+03 1.12507541e+07
 1.49522244e+03 1.12366373e+07
 1.50439346e+03 1.05737040e+07
 1.51356448e+03 1.05788300e+07
 1.52273550e+03 1.07692256e+07
 1.53190653e+03 1.04680300e+07
 1.54107755e+03 1.03193400e+07
 1.55024857e+03 1.07089678e+07
 1.55941960e+03 1.05099032e+07
 1.56859062e+03 1.05637207e+07
 1.57776164e+03 1.05494046e+07
 1.58693266e+03 1.04751779e+07
 1.59610369e+03 1.04914077e+07
 1.60527471e+03 1.04748042e+07
 1.61444573e+03 1.03483110e+07
 1.62361675e+03 1.00178052e+07
 1.63278778e+03 1.03103665e+07
 1.64195880e+03 1.04220554e+07
 1.65112982e+03 1.01815261e+07
 1.66030085e+03 1.03634987e+07
 1.66947187e+03 1.02506030e+07
 1.67864289e+03 1.02840362e+07
 1.68781391e+03 1.01738500e+07
 1.69698494e+03 1.01391332e+07
 1.70615596e+03 9.78730721e+06
 1.71532698e+03 9.98535420e+06
 1.72449800e+03 1.01182687e+07
 1.73366903e+03 1.01718842e+07
 1.74284005e+03 9.92285012e+06
 1.75201107e+03 9.59572008e+06
 1.76118210e+03 1.01418949e+07
 1.77035312e+03 9.94052889e+06
 1.77952414e+03 9.74757145e+06
 1.78869516e+03 9.48633352e+06
 1.79786619e+03 9.18987580e+06
 1.80703721e+03 9.39861934e+06
 1.81620823e+03 9.55150822e+06
 1.82537925e+03 9.03594267e+06
 1.83455028e+03 9.39762234e+06
 1.84372130e+03 9.19926129e+06
 1.85289232e+03 9.28080068e+06
 1.86206335e+03 9.14761360e+06
 1.87123437e+03 9.36529131e+06
 1.88040539e+03 9.35224377e+06
 1.88957641e+03 9.00804400e+06
 1.89874744e+03 9.22689059e+06
 1.90791846e+03 9.15523588e+06
 1.91708948e+03 8.67683095e+06
 1.92626050e+03 8.76176589e+06
 1.93543153e+03 8.73965203e+06
 1.94460255e+03 8.41716034e+06
 1.95377357e+03 8.47376269e+06
 1.96294460e+03 8.49432607e+06
 1.97211562e+03 8.82891789e+06
 1.98128664e+03 8.73938329e+06
 1.99045766e+03 8.63725723e+06
 1.99962869e+03 8.51179927e+06
 2.00879971e+03 8.04918033e+06
 2.01797073e+03 8.56696711e+06
 2.02714175e+03 8.65306182e+06
 2.03631278e+03 8.46507121e+06
 2.04548380e+03 8.09554712e+06
 2.05465482e+03 8.07326915e+06
 2.06382585e+03 8.81133881e+06
 2.07299687e+03 8.74704976e+06
 2.08216789e+03 8.54232217e+06
 2.09133891e+03 8.09893487e+06
 2.10050994e+03 7.91321335e+06
 2.10968096e+03 7.74568861e+06
 2.11885198e+03 7.77256193e+06
 2.12802300e+03 7.91121661e+06
 2.13719403e+03 7.94612912e+06
 2.14636505e+03 8.08904994e+06
 2.15553607e+03 8.18655570e+06
 2.16470710e+03 7.65317337e+06
 2.17387812e+03 7.68150355e+06
 2.18304914e+03 7.88880472e+06
 2.19222016e+03 7.97141555e+06
 2.20139119e+03 7.88352408e+06
 2.21056221e+03 7.81040194e+06
 2.21973323e+03 7.86792137e+06
 2.22890425e+03 7.65707461e+06
 2.23807528e+03 7.66176376e+06
 2.24724630e+03 7.66315004e+06
 2.25641732e+03 7.50929508e+06
 2.26558835e+03 7.43194434e+06
 2.27475937e+03 7.56443898e+06
 2.28393039e+03 7.96021617e+06
 2.29310141e+03 7.57705032e+06
 2.30227244e+03 7.42454117e+06
 2.31144346e+03 7.37500440e+06
 2.32061448e+03 7.24141177e+06
 2.32978550e+03 7.24863544e+06
 2.33895653e+03 7.32378648e+06
 2.34812755e+03 7.35065580e+06
 2.35729857e+03 7.04579536e+06
 2.36646960e+03 7.30492759e+06
 2.37564062e+03 6.87738520e+06
 2.38481164e+03 6.52180717e+06
 2.39398266e+03 6.60790426e+06
 2.40315369e+03 6.72864130e+06
 2.41232471e+03 7.33214141e+06
 2.42149573e+03 7.49687323e+06
 2.43066675e+03 7.24307871e+06
 2.43983778e+03 7.10368141e+06
 2.44900880e+03 6.97568713e+06
 2.45817982e+03 7.08251033e+06
 2.46735085e+03 6.96232421e+06
 2.47652187e+03 7.07290405e+06
 2.48569289e+03 7.20343214e+06
 2.49486391e+03 6.89818570e+06
 2.50403494e+03 6.97452890e+06
 2.51320596e+03 6.88821483e+06
 2.52237698e+03 6.79551887e+06
 2.53154800e+03 6.80289148e+06
 2.54071903e+03 6.74257940e+06
 2.54989005e+03 6.75800451e+06
 2.55906107e+03 6.92269518e+06
 2.56823210e+03 6.76951184e+06
 2.57740312e+03 6.57748690e+06
 2.58657414e+03 6.66487348e+06
 2.59574516e+03 6.66681440e+06
 2.60491619e+03 6.65687809e+06
 2.61408721e+03 6.60910654e+06
 2.62325823e+03 6.63379270e+06
 2.63242925e+03 6.55523509e+06
 2.64160028e+03 6.62187617e+06
 2.65077130e+03 6.51512888e+06
 2.65994232e+03 6.31758554e+06
 2.66911335e+03 6.66732184e+06
 2.67828437e+03 6.53035569e+06
 2.68745539e+03 6.71800124e+06
 2.69662641e+03 6.82989547e+06
 2.70579744e+03 6.68003100e+06
 2.71496846e+03 6.40812808e+06
 2.72413948e+03 6.47706477e+06
 2.73331050e+03 6.34131039e+06
 2.74248153e+03 6.25810240e+06
 2.75165255e+03 6.41138111e+06
 2.76082357e+03 6.31942503e+06
 2.76999460e+03 6.57910496e+06
 2.77916562e+03 6.16201474e+06
 2.78833664e+03 6.43030587e+06
 2.79750766e+03 6.60623133e+06
 2.80667869e+03 6.24787233e+06
 2.81584971e+03 6.11459770e+06
 2.82502073e+03 6.04746990e+06
 2.83419175e+03 6.05346005e+06
 2.84336278e+03 6.10630936e+06
 2.85253380e+03 6.17352124e+06
 2.86170482e+03 6.31065208e+06
 2.87087585e+03 6.32330313e+06
 2.88004687e+03 6.42486468e+06
 2.88921789e+03 6.41702213e+06
 2.89838891e+03 6.05042805e+06
 2.90755994e+03 6.16544267e+06
 2.91673096e+03 6.19005424e+06
 2.92590198e+03 6.10367442e+06
 2.93507300e+03 6.17540522e+06
 2.94424403e+03 6.05253841e+06
 2.95341505e+03 5.96621963e+06
 2.96258607e+03 5.94186646e+06
 2.97175710e+03 5.94339300e+06
 2.98092812e+03 5.99091560e+06
 2.99009914e+03 6.04910177e+06
 2.99927016e+03 6.00003466e+06
 3.00844119e+03 5.92104866e+06
 3.01761221e+03 5.89885446e+06
 3.02678323e+03 5.77164741e+06
 3.03595425e+03 5.71528829e+06
 3.04512528e+03 5.91799844e+06
 3.05429630e+03 5.86893147e+06
 3.06346732e+03 5.81388245e+06
 3.07263835e+03 5.92055278e+06
 3.08180937e+03 5.94115667e+06
 3.09098039e+03 5.96467981e+06
 3.10015141e+03 6.01373752e+06
 3.10932244e+03 5.86529348e+06
 3.11849346e+03 5.82627673e+06
 3.12766448e+03 5.60038209e+06
 3.13683550e+03 5.55955450e+06
 3.14600653e+03 5.59698491e+06
 3.15517755e+03 5.66285182e+06
 3.16434857e+03 5.79763712e+06
 3.17351960e+03 5.76027835e+06
 3.18269062e+03 5.77147488e+06
 3.19186164e+03 5.85296669e+06
 3.20103266e+03 5.78273460e+06
 3.21020369e+03 5.67449416e+06
 3.21937471e+03 5.74844203e+06
 3.22854573e+03 5.72136743e+06
 3.23771675e+03 5.66338038e+06
 3.24688778e+03 5.64254665e+06
 3.25605880e+03 5.49609480e+06
 3.26522982e+03 5.47240717e+06
 3.27440085e+03 5.32270755e+06
 3.28357187e+03 5.44168360e+06
 3.29274289e+03 5.54477211e+06
 3.30191391e+03 5.33538663e+06
 3.31108494e+03 5.46108915e+06
 3.32025596e+03 5.29555187e+06
 3.32942698e+03 5.32641042e+06
 3.33859800e+03 5.48717884e+06
 3.34776903e+03 5.51916753e+06
 3.35694005e+03 5.45142295e+06
 3.36611107e+03 5.32859903e+06
 3.37528210e+03 5.35994602e+06
 3.38445312e+03 5.44185147e+06
 3.39362414e+03 5.42720546e+06
 3.40279516e+03 5.39992764e+06
 3.41196619e+03 5.19720058e+06
 3.42113721e+03 5.06217347e+06
 3.43030823e+03 5.03244697e+06
 3.43947925e+03 5.25263644e+06
 3.44865028e+03 5.33917083e+06
 3.45782130e+03 5.23608555e+06
 3.46699232e+03 5.09463288e+06
 3.47616335e+03 5.17652186e+06
 3.48533437e+03 5.13998617e+06
 3.49450539e+03 5.17743800e+06
 3.50367641e+03 5.11573375e+06
 3.51284744e+03 5.20768204e+06
 3.52201846e+03 5.06699725e+06
 3.53118948e+03 5.05748089e+06
 3.54036050e+03 5.00567163e+06
 3.54953153e+03 5.15952335e+06
 3.55870255e+03 5.12834685e+06
 3.56787357e+03 4.94417457e+06
 3.57704460e+03 5.07930781e+06
 3.58621562e+03 5.07479019e+06
 3.59538664e+03 5.08797358e+06
 3.60455766e+03 5.03874501e+06
 3.61372869e+03 5.12516797e+06
 3.62289971e+03 5.02044090e+06
 3.63207073e+03 4.99265691e+06
 3.64124176e+03 4.90527721e+06
 3.65041278e+03 4.77752745e+06
 3.65958380e+03 4.78594213e+06
 3.66875482e+03 4.87076920e+06
 3.67792585e+03 4.91229823e+06
 3.68709687e+03 4.97760584e+06
 3.69626789e+03 4.87278254e+06
 3.70543891e+03 4.77069798e+06
 3.71460994e+03 4.88582353e+06
 3.72378096e+03 4.93574838e+06
 3.73295198e+03 4.97134616e+06
 3.74212301e+03 4.90610358e+06
 3.75129403e+03 4.82103989e+06
 3.76046505e+03 4.78490367e+06
 3.76963607e+03 4.84168895e+06
 3.77880710e+03 4.83338513e+06
 3.78797812e+03 4.73251918e+06
 3.79714914e+03 4.57316137e+06
 3.80632016e+03 4.72597666e+06
 3.81549119e+03 4.86222097e+06
 3.82466221e+03 4.85968901e+06
 3.83383323e+03 4.78728405e+06
 3.84300426e+03 4.74457642e+06
 3.85217528e+03 4.74564732e+06
 3.86134630e+03 4.71554994e+06
 3.87051732e+03 4.67378609e+06
 3.87968835e+03 4.67024627e+06
 3.88885937e+03 4.59043260e+06
 3.89803039e+03 4.51332287e+06
 3.90720141e+03 4.42435212e+06
 3.91637244e+03 4.46795786e+06
 3.92554346e+03 4.68017906e+06
 3.93471448e+03 4.66168653e+06
 3.94388551e+03 4.48678289e+06
 3.95305653e+03 4.43469541e+06
 3.96222755e+03 4.42051105e+06
 3.97139857e+03 4.56128734e+06
 3.98056960e+03 4.59432117e+06
 3.98974062e+03 4.45310804e+06
 3.99891164e+03 4.45244015e+06
 4.00808266e+03 4.39952377e+06
 4.01725369e+03 4.39541694e+06
 4.02642471e+03 4.35863887e+06
 4.03559573e+03 4.28618812e+06
 4.04476676e+03 4.34015801e+06
 4.05393778e+03 4.40581688e+06
 4.06310880e+03 4.49952809e+06
 4.07227982e+03 4.52571787e+06
 4.08145085e+03 4.44635953e+06
 4.09062187e+03 4.43825965e+06
 4.09979289e+03 4.45200163e+06
 4.10896391e+03 4.48926165e+06
 4.11813494e+03 4.63422414e+06
 4.12730596e+03 4.57208638e+06
 4.13647698e+03 4.42590519e+06
 4.14564801e+03 4.33432113e+06
 4.15481903e+03 4.33985003e+06
 4.16399005e+03 4.43608555e+06
 4.17316107e+03 4.38363881e+06
 4.18233210e+03 4.30149021e+06
 4.19150312e+03 4.30199670e+06
 4.20067414e+03 4.28714467e+06
 4.20984516e+03 4.26909322e+06
 4.21901619e+03 4.18493472e+06
 4.22818721e+03 4.27601554e+06
 4.23735823e+03 4.33188779e+06
 4.24652926e+03 4.49450890e+06
 4.25570028e+03 4.32133690e+06
 4.26487130e+03 4.23935291e+06
 4.27404232e+03 4.24647196e+06
 4.28321335e+03 4.15358934e+06
 4.29238437e+03 4.15957796e+06
 4.30155539e+03 4.09089324e+06
 4.31072641e+03 4.19414879e+06
 4.31989744e+03 4.12830529e+06
 4.32906846e+03 4.13834325e+06
 4.33823948e+03 4.27995428e+06
 4.34741051e+03 4.14076661e+06
 4.35658153e+03 4.17187066e+06
 4.36575255e+03 4.17641918e+06
 4.37492357e+03 4.20951006e+06
 4.38409460e+03 4.13054324e+06
 4.39326562e+03 4.03446593e+06
 4.40243664e+03 4.03527164e+06
 4.41160766e+03 4.12753505e+06
 4.42077869e+03 4.16804949e+06
 4.42994971e+03 4.10816237e+06
 4.43912073e+03 4.09790600e+06
 4.44829176e+03 4.03960008e+06
 4.45746278e+03 3.97221284e+06
 4.46663380e+03 4.03728944e+06
 4.47580482e+03 4.13531569e+06
 4.48497585e+03 4.07352746e+06
 4.49414687e+03 4.02852955e+06
 4.50331789e+03 4.09477010e+06
 4.51248891e+03 4.04278665e+06
 4.52165994e+03 3.86251829e+06
 4.53083096e+03 4.02575262e+06
 4.54000198e+03 4.05629275e+06
 4.54917301e+03 4.12098339e+06
 4.55834403e+03 4.10065636e+06
 4.56751505e+03 4.03993518e+06
 4.57668607e+03 3.92813291e+06
 4.58585710e+03 3.92455182e+06
 4.59502812e+03 3.91419512e+06
 4.60419914e+03 3.93098103e+06
 4.61337016e+03 3.86871350e+06
 4.62254119e+03 3.83425006e+06
 4.63171221e+03 3.93922116e+06
 4.64088323e+03 4.03550157e+06
 4.65005426e+03 3.93614766e+06
 4.65922528e+03 3.84790391e+06
 4.66839630e+03 3.70261827e+06
 4.67756732e+03 3.72832929e+06
 4.68673835e+03 3.73507862e+06
 4.69590937e+03 3.67799191e+06
 4.70508039e+03 3.78180074e+06
 4.71425141e+03 3.68286889e+06
 4.72342244e+03 3.66538653e+06
 4.73259346e+03 3.62914300e+06
 4.74176448e+03 3.70036689e+06
 4.75093551e+03 3.72675916e+06
 4.76010653e+03 3.55432140e+06
 4.76927755e+03 3.61401098e+06
 4.77844857e+03 3.81640694e+06
 4.78761960e+03 3.87214461e+06
 4.79679062e+03 3.83283283e+06
 4.80596164e+03 3.89346314e+06
 4.81513266e+03 3.80360190e+06
 4.82430369e+03 3.78069930e+06
 4.83347471e+03 3.82004857e+06
 4.84264573e+03 3.78405417e+06
 4.85181676e+03 3.73574829e+06
 4.86098778e+03 3.66430885e+06
 4.87015880e+03 3.72014142e+06
 4.87932982e+03 3.83506384e+06
 4.88850085e+03 3.74807335e+06
 4.89767187e+03 3.66156760e+06
 4.90684289e+03 3.61045419e+06
 4.91601391e+03 3.57801417e+06
 4.92518494e+03 3.69281492e+06
 4.93435596e+03 3.67834075e+06
 4.94352698e+03 3.58323685e+06
 4.95269801e+03 3.68419536e+06
 4.96186903e+03 3.73739185e+06
 4.97104005e+03 3.62894070e+06
 4.98021107e+03 3.70430563e+06
 4.98938210e+03 3.62614333e+06
 4.99855312e+03 3.66271596e+06
 5.00772414e+03 3.60536316e+06
 5.01689516e+03 3.59630506e+06
 5.02606619e+03 3.58269299e+06
 5.03523721e+03 3.47419292e+06
 5.04440823e+03 3.39898015e+06
 5.05357926e+03 3.43069991e+06
 5.06275028e+03 3.52682051e+06
 5.07192130e+03 3.52993819e+06
 5.08109232e+03 3.45056169e+06
 5.09026335e+03 3.41026241e+06
 5.09943437e+03 3.56233531e+06
 5.10860539e+03 3.54610283e+06
 5.11777641e+03 3.44632895e+06
 5.12694744e+03 3.39941828e+06
 5.13611846e+03 3.43417684e+06
 5.14528948e+03 3.32365203e+06
 5.15446051e+03 3.29596592e+06
 5.16363153e+03 3.37860191e+06
 5.17280255e+03 3.38390022e+06
 5.18197357e+03 3.30128452e+06
 5.19114460e+03 3.26942524e+06
 5.20031562e+03 3.32444815e+06
 5.20948664e+03 3.28372313e+06
 5.21865766e+03 3.28175751e+06
 5.22782869e+03 3.37306404e+06
 5.23699971e+03 3.36287364e+06
 5.24617073e+03 3.39868531e+06
 5.25534176e+03 3.33265487e+06
 5.26451278e+03 3.21075179e+06
 5.27368380e+03 3.24605380e+06
 5.28285482e+03 3.20113580e+06
 5.29202585e+03 3.23766142e+06
 5.30119687e+03 3.24452876e+06
 5.31036789e+03 3.22032490e+06
 5.31953891e+03 3.16343268e+06
 5.32870994e+03 3.18321285e+06
 5.33788096e+03 3.21676221e+06
 5.34705198e+03 3.09633202e+06
 5.35622301e+03 3.05983580e+06
 5.36539403e+03 3.13407043e+06
 5.37456505e+03 3.17641898e+06
 5.38373607e+03 3.22293105e+06
 5.39290710e+03 3.26008318e+06
 5.40207812e+03 3.26955192e+06
 5.41124914e+03 3.21102196e+06
 5.42042016e+03 3.20256479e+06
 5.42959119e+03 3.20984845e+06
 5.43876221e+03 3.22656009e+06
 5.44793323e+03 3.22804878e+06
 5.45710426e+03 3.25672414e+06
 5.46627528e+03 3.23826082e+06
 5.47544630e+03 3.26785509e+06
 5.48461732e+03 3.29342911e+06
 5.49378835e+03 3.25222283e+06
 5.50295937e+03 3.15439739e+06
 5.51213039e+03 3.10377066e+06
 5.52130141e+03 3.10505136e+06
 5.53047244e+03 3.10517428e+06
 5.53964346e+03 3.18769360e+06
 5.54881448e+03 3.11618034e+06
 5.55798551e+03 3.16579957e+06
 5.56715653e+03 3.23711222e+06
 5.57632755e+03 3.11706419e+06
 5.58549857e+03 3.03953677e+06
 5.59466960e+03 3.06810614e+06
 5.60384062e+03 3.13365839e+06
 5.61301164e+03 3.10501694e+06
 5.62218266e+03 3.08851043e+06
 5.63135369e+03 3.10081938e+06
 5.64052471e+03 2.98972593e+06
 5.64969573e+03 2.98473295e+06
 5.65886676e+03 2.94420471e+06
 5.66803778e+03 2.89013365e+06
 5.67720880e+03 2.95116649e+06
 5.68637982e+03 2.94433440e+06
 5.69555085e+03 2.93533391e+06
 5.70472187e+03 2.94856984e+06
 5.71389289e+03 2.97584455e+06
 5.72306391e+03 2.93687099e+06
 5.73223494e+03 2.93244289e+06
 5.74140596e+03 2.95327216e+06
 5.75057698e+03 2.93408856e+06
 5.75974801e+03 2.91595636e+06
 5.76891903e+03 2.90646501e+06
 5.77809005e+03 2.91550102e+06
 5.78726107e+03 2.93583594e+06
 5.79643210e+03 2.85869916e+06
 5.80560312e+03 2.86983316e+06
 5.81477414e+03 2.88072906e+06
 5.82394517e+03 2.93874950e+06
 5.83311619e+03 2.94784700e+06
 5.84228721e+03 2.89244951e+06
 5.85145823e+03 2.85353041e+06
 5.86062926e+03 2.87999305e+06
 5.86980028e+03 2.88269914e+06
 5.87897130e+03 2.85673394e+06
 5.88814232e+03 2.83171154e+06
 5.89731335e+03 2.85048626e+06
 5.90648437e+03 2.95733321e+06
 5.91565539e+03 2.96773106e+06
 5.92482642e+03 2.94998799e+06
 5.93399744e+03 2.86374485e+06
 5.94316846e+03 2.82368307e+06
 5.95233948e+03 2.83186877e+06
 5.96151051e+03 2.86585161e+06
 5.97068153e+03 2.84721390e+06
 5.97985255e+03 2.78338117e+06
 5.98902357e+03 2.89158056e+06
 5.99819460e+03 2.88450528e+06
 6.00736562e+03 2.80845242e+06
 6.01653664e+03 2.79858213e+06
 6.02570767e+03 2.79469447e+06
 6.03487869e+03 2.92820537e+06
 6.04404971e+03 2.89811562e+06
 6.05322073e+03 2.75846868e+06
 6.06239176e+03 2.76048062e+06
 6.07156278e+03 2.76084249e+06
 6.08073380e+03 2.63790643e+06
 6.08990482e+03 2.62255572e+06
 6.09907585e+03 2.77885533e+06
 6.10824687e+03 2.87661551e+06
 6.11741789e+03 2.82269686e+06
 6.12658892e+03 2.82900501e+06
 6.13575994e+03 2.87728554e+06
 6.14493096e+03 2.71404067e+06
 6.15410198e+03 2.63621446e+06
 6.16327301e+03 2.59882405e+06
 6.17244403e+03 2.67327512e+06
 6.18161505e+03 2.70333791e+06
 6.19078607e+03 2.67561855e+06
 6.19995710e+03 2.71841878e+06
 6.20912812e+03 2.71374701e+06
 6.21829914e+03 2.64250982e+06
 6.22747017e+03 2.57416106e+06
 6.23664119e+03 2.54847587e+06
 6.24581221e+03 2.56678792e+06
 6.25498323e+03 2.54187902e+06
 6.26415426e+03 2.51063929e+06
 6.27332528e+03 2.48236249e+06
 6.28249630e+03 2.53834285e+06
 6.29166732e+03 2.57410713e+06
 6.30083835e+03 2.60486944e+06
 6.31000937e+03 2.56549190e+06
 6.31918039e+03 2.52437827e+06
 6.32835142e+03 2.47840224e+06
 6.33752244e+03 2.53743687e+06
 6.34669346e+03 2.57050853e+06
 6.35586448e+03 2.58020540e+06
 6.36503551e+03 2.52180323e+06
 6.37420653e+03 2.48546545e+06
 6.38337755e+03 2.50747220e+06
 6.39254857e+03 2.48270664e+06
 6.40171960e+03 2.47733384e+06
 6.41089062e+03 2.53681030e+06
 6.42006164e+03 2.55392409e+06
 6.42923267e+03 2.47309016e+06
 6.43840369e+03 2.47847854e+06
 6.44757471e+03 2.49180734e+06
 6.45674573e+03 2.46105180e+06
 6.46591676e+03 2.47812425e+06
 6.47508778e+03 2.54541881e+06
 6.48425880e+03 2.52301953e+06
 6.49342982e+03 2.53391707e+06
 6.50260085e+03 2.51269068e+06
 6.51177187e+03 2.42162015e+06
 6.52094289e+03 2.44796972e+06
 6.53011392e+03 2.45464225e+06
 6.53928494e+03 2.41967032e+06
 6.54845596e+03 2.43117828e+06
 6.55762698e+03 2.59117206e+06
 6.56679801e+03 2.57715583e+06
 6.57596903e+03 2.49163135e+06
 6.58514005e+03 2.45694504e+06
 6.59431107e+03 2.46559254e+06
 6.60348210e+03 2.46150849e+06
 6.61265312e+03 2.49397920e+06
 6.62182414e+03 2.50111035e+06
 6.63099517e+03 2.44545580e+06
 6.64016619e+03 2.38441592e+06
 6.64933721e+03 2.36934831e+06
 6.65850823e+03 2.36649730e+06
 6.66767926e+03 2.39237798e+06
 6.67685028e+03 2.36811943e+06
 6.68602130e+03 2.35709661e+06
 6.69519232e+03 2.31092449e+06
 6.70436335e+03 2.31173481e+06
 6.71353437e+03 2.38056173e+06
 6.72270539e+03 2.41876883e+06
 6.73187642e+03 2.38034693e+06
 6.74104744e+03 2.36588456e+06
 6.75021846e+03 2.34012797e+06
 6.75938948e+03 2.24803891e+06
 6.76856051e+03 2.27146563e+06
 6.77773153e+03 2.24696162e+06
 6.78690255e+03 2.22338470e+06
 6.79607357e+03 2.28440511e+06
 6.80524460e+03 2.37736393e+06
 6.81441562e+03 2.41881836e+06
 6.82358664e+03 2.35085893e+06
 6.83275767e+03 2.32524038e+06
 6.84192869e+03 2.29222120e+06
 6.85109971e+03 2.36257597e+06
 6.86027073e+03 2.41758700e+06
 6.86944176e+03 2.40880133e+06
 6.87861278e+03 2.35172747e+06
 6.88778380e+03 2.29964569e+06
 6.89695482e+03 2.29682940e+06
 6.90612585e+03 2.30525097e+06
 6.91529687e+03 2.28594127e+06
 6.92446789e+03 2.22110711e+06
 6.93363892e+03 2.19796077e+06
 6.94280994e+03 2.21817225e+06
 6.95198096e+03 2.22405449e+06
 6.96115198e+03 2.22699672e+06
 6.97032301e+03 2.26546088e+06
 6.97949403e+03 2.27148884e+06
 6.98866505e+03 2.20748477e+06
 6.99783607e+03 2.20227815e+06
 7.00700710e+03 2.21913350e+06
 7.01617812e+03 2.26586865e+06
 7.02534914e+03 2.25718859e+06
 7.03452017e+03 2.18875030e+06
 7.04369119e+03 2.20600847e+06
 7.05286221e+03 2.23079169e+06
 7.06203323e+03 2.22364401e+06
 7.07120426e+03 2.21693312e+06
 7.08037528e+03 2.19751077e+06
 7.08954630e+03 2.19954031e+06
 7.09871732e+03 2.23038285e+06
 7.10788835e+03 2.21877111e+06
 7.11705937e+03 2.22635772e+06
 7.12623039e+03 2.14286750e+06
 7.13540142e+03 2.08878139e+06
 7.14457244e+03 2.09356584e+06
 7.15374346e+03 2.08904081e+06
 7.16291448e+03 2.14017376e+06
 7.17208551e+03 2.13872161e+06
 7.18125653e+03 2.07766603e+06
 7.19042755e+03 2.07483715e+06
 7.19959857e+03 2.11956422e+06
 7.20876960e+03 2.17619804e+06
 7.21794062e+03 2.19918235e+06
 7.22711164e+03 2.20815778e+06
 7.23628267e+03 2.17276769e+06
 7.24545369e+03 2.11876379e+06
 7.25462471e+03 2.07697491e+06
 7.26379573e+03 2.10958615e+06
 7.27296676e+03 2.09479633e+06
 7.28213778e+03 2.04512699e+06
 7.29130880e+03 2.05381217e+06
 7.30047982e+03 1.99840099e+06
 7.30965085e+03 2.02829697e+06
 7.31882187e+03 2.03857812e+06
 7.32799289e+03 2.05092901e+06
 7.33716392e+03 1.99442428e+06
 7.34633494e+03 1.99001509e+06
 7.35550596e+03 1.97706061e+06
 7.36467698e+03 1.95691440e+06
 7.37384801e+03 1.96910029e+06
 7.38301903e+03 1.97553509e+06
 7.39219005e+03 2.02429066e+06
 7.40136107e+03 2.02107933e+06
 7.41053210e+03 1.95442346e+06
 7.41970312e+03 1.92220706e+06
 7.42887414e+03 1.94614589e+06
 7.43804517e+03 1.99920847e+06
 7.44721619e+03 2.02533972e+06
 7.45638721e+03 1.95678852e+06
 7.46555823e+03 1.91889900e+06
 7.47472926e+03 1.93194860e+06
 7.48390028e+03 1.96198399e+06
 7.49307130e+03 2.02559951e+06
 7.50224232e+03 1.99245617e+06
 7.51141335e+03 1.94200351e+06
 7.52058437e+03 1.93820648e+06
 7.52975539e+03 1.85351427e+06
 7.53892642e+03 1.90465420e+06
 7.54809744e+03 1.93989188e+06
 7.55726846e+03 1.96128575e+06
 7.56643948e+03 1.96019702e+06
 7.57561051e+03 1.93463289e+06
 7.58478153e+03 1.94536521e+06
 7.59395255e+03 1.93747881e+06
 7.60312357e+03 1.90839345e+06
 7.61229460e+03 1.95041472e+06
 7.62146562e+03 1.95151499e+06
 7.63063664e+03 1.94599254e+06
 7.63980767e+03 1.91723595e+06
 7.64897869e+03 1.92095293e+06
 7.65814971e+03 1.91193446e+06
 7.66732073e+03 1.89153788e+06
 7.67649176e+03 1.90586140e+06
 7.68566278e+03 1.89827495e+06
 7.69483380e+03 1.87652407e+06
 7.70400482e+03 1.90130904e+06
 7.71317585e+03 1.91762876e+06
 7.72234687e+03 1.92591009e+06
 7.73151789e+03 1.89863758e+06
 7.74068892e+03 1.86012739e+06
 7.74985994e+03 1.82292418e+06
 7.75903096e+03 1.87773163e+06
 7.76820198e+03 1.86184632e+06
 7.77737301e+03 1.82997594e+06
 7.78654403e+03 1.84161716e+06
 7.79571505e+03 1.84228081e+06
 7.80488607e+03 1.83506187e+06
 7.81405710e+03 1.79983319e+06
 7.82322812e+03 1.81668143e+06
 7.83239914e+03 1.81056423e+06
 7.84157017e+03 1.82254729e+06
 7.85074119e+03 1.82162010e+06
 7.85991221e+03 1.76734935e+06
 7.86908323e+03 1.75848031e+06
 7.87825426e+03 1.75538170e+06
 7.88742528e+03 1.69236206e+06
 7.89659630e+03 1.67216197e+06
 7.90576732e+03 1.72757666e+06
 7.91493835e+03 1.75530601e+06
 7.92410937e+03 1.75571289e+06
 7.93328039e+03 1.76475460e+06
 7.94245142e+03 1.75166061e+06
 7.95162244e+03 1.79536014e+06
 7.96079346e+03 1.79995005e+06
 7.96996448e+03 1.74417714e+06
 7.97913551e+03 1.70464575e+06
 7.98830653e+03 1.73634122e+06
 7.99747755e+03 1.76522662e+06
 8.00664857e+03 1.77631613e+06
 8.01581960e+03 1.80383942e+06
 8.02499062e+03 1.77090130e+06
 8.03416164e+03 1.71975189e+06
 8.04333267e+03 1.69051986e+06
 8.05250369e+03 1.68723777e+06
 8.06167471e+03 1.71082920e+06
 8.07084573e+03 1.73040073e+06
 8.08001676e+03 1.72453527e+06
 8.08918778e+03 1.70720852e+06
 8.09835880e+03 1.72086714e+06
 8.10752983e+03 1.71846160e+06
 8.11670085e+03 1.70136661e+06
 8.12587187e+03 1.69085237e+06
 8.13504289e+03 1.65981160e+06
 8.14421392e+03 1.67978447e+06
 8.15338494e+03 1.71354415e+06
 8.16255596e+03 1.72781473e+06
 8.17172698e+03 1.74017840e+06
 8.18089801e+03 1.69686745e+06
 8.19006903e+03 1.62415948e+06
 8.19924005e+03 1.62939555e+06
 8.20841108e+03 1.62887906e+06
 8.21758210e+03 1.63521361e+06
 8.22675312e+03 1.62529675e+06
 8.23592414e+03 1.66083380e+06
 8.24509517e+03 1.67118875e+06
 8.25426619e+03 1.67746010e+06
 8.26343721e+03 1.67675480e+06
 8.27260823e+03 1.64266931e+06
 8.28177926e+03 1.62992276e+06
 8.29095028e+03 1.64794663e+06
 8.30012130e+03 1.66859106e+06
 8.30929233e+03 1.67639872e+06
 8.31846335e+03 1.66422283e+06
 8.32763437e+03 1.62043573e+06
 8.33680539e+03 1.57876461e+06
 8.34597642e+03 1.60739323e+06
 8.35514744e+03 1.63261481e+06
 8.36431846e+03 1.65903886e+06
 8.37348948e+03 1.65431914e+06
 8.38266051e+03 1.61457710e+06
 8.39183153e+03 1.59587555e+06
 8.40100255e+03 1.58669741e+06
 8.41017358e+03 1.55805977e+06
 8.41934460e+03 1.54719404e+06
 8.42851562e+03 1.60261143e+06
 8.43768664e+03 1.61778155e+06
 8.44685767e+03 1.60785067e+06
 8.45602869e+03 1.59561624e+06
 8.46519971e+03 1.60579271e+06
 8.47437073e+03 1.56563256e+06
 8.48354176e+03 1.53867074e+06
 8.49271278e+03 1.56331818e+06
 8.50188380e+03 1.64612536e+06
 8.51105483e+03 1.58743315e+06
 8.52022585e+03 1.50814928e+06
 8.52939687e+03 1.51308300e+06
 8.53856789e+03 1.53318158e+06
 8.54773892e+03 1.54728497e+06
 8.55690994e+03 1.51618852e+06
 8.56608096e+03 1.51155998e+06
 8.57525198e+03 1.53082057e+06
 8.58442301e+03 1.52480970e+06
 8.59359403e+03 1.46314493e+06
 8.60276505e+03 1.46324876e+06
 8.61193608e+03 1.47890124e+06
 8.62110710e+03 1.48988761e+06
 8.63027812e+03 1.51316823e+06
 8.63944914e+03 1.51417435e+06
 8.64862017e+03 1.51748167e+06
 8.65779119e+03 1.53036510e+06
 8.66696221e+03 1.49792314e+06
 8.67613323e+03 1.45519799e+06
 8.68530426e+03 1.44992047e+06
 8.69447528e+03 1.41193574e+06
 8.70364630e+03 1.42745430e+06
 8.71281733e+03 1.44710755e+06
 8.72198835e+03 1.45540671e+06
 8.73115937e+03 1.43616908e+06
 8.74033039e+03 1.43146676e+06
 8.74950142e+03 1.45249353e+06
 8.75867244e+03 1.42287253e+06
 8.76784346e+03 1.40239058e+06
 8.77701448e+03 1.39969159e+06
 8.78618551e+03 1.39538412e+06
 8.79535653e+03 1.38793017e+06
 8.80452755e+03 1.37832163e+06
 8.81369858e+03 1.39637660e+06
 8.82286960e+03 1.39457542e+06
 8.83204062e+03 1.39911142e+06
 8.84121164e+03 1.38024797e+06
 8.85038267e+03 1.37655306e+06
 8.85955369e+03 1.39884274e+06
 8.86872471e+03 1.41981900e+06
 8.87789573e+03 1.44433968e+06
 8.88706676e+03 1.48167451e+06
 8.89623778e+03 1.46445219e+06
 8.90540880e+03 1.47935792e+06
 8.91457983e+03 1.49508332e+06
 8.92375085e+03 1.41881455e+06
 8.93292187e+03 1.37116228e+06
 8.94209289e+03 1.37418626e+06
 8.95126392e+03 1.40650741e+06
 8.96043494e+03 1.38777111e+06
 8.96960596e+03 1.40041019e+06
 8.97877698e+03 1.40310082e+06
 8.98794801e+03 1.40927346e+06
 8.99711903e+03 1.40306659e+06
 9.00629005e+03 1.39095649e+06
 9.01546108e+03 1.40191780e+06
 9.02463210e+03 1.42018817e+06
 9.03380312e+03 1.36471119e+06
 9.04297414e+03 1.36206218e+06
 9.05214517e+03 1.36115935e+06
 9.06131619e+03 1.36357766e+06
 9.07048721e+03 1.40922567e+06
 9.07965823e+03 1.39955347e+06
 9.08882926e+03 1.40850263e+06
 9.09800028e+03 1.36951346e+06
 9.10717130e+03 1.34941106e+06
 9.11634233e+03 1.30403486e+06
 9.12551335e+03 1.29869266e+06
 9.13468437e+03 1.28971773e+06
 9.14385539e+03 1.27464103e+06
 9.15302642e+03 1.25251213e+06
 9.16219744e+03 1.29359046e+06
 9.17136846e+03 1.32360170e+06
 9.18053948e+03 1.32727844e+06
 9.18971051e+03 1.30227975e+06
 9.19888153e+03 1.34530350e+06
 9.20805255e+03 1.36112390e+06
 9.21722358e+03 1.36213150e+06
 9.22639460e+03 1.35907123e+06
 9.23556562e+03 1.35586333e+06
 9.24473664e+03 1.34657809e+06
 9.25390767e+03 1.32092234e+06
 9.26307869e+03 1.30909624e+06
 9.27224971e+03 1.26855411e+06
 9.28142073e+03 1.23697410e+06
 9.29059176e+03 1.26036577e+06
 9.29976278e+03 1.23323456e+06
 9.30893380e+03 1.22123491e+06
 9.31810483e+03 1.22692771e+06
 9.32727585e+03 1.22218452e+06
 9.33644687e+03 1.20335241e+06
 9.34561789e+03 1.18478849e+06
 9.35478892e+03 1.22870383e+06
 9.36395994e+03 1.25698057e+06
 9.37313096e+03 1.24409639e+06
 9.38230198e+03 1.22358551e+06
 9.39147301e+03 1.22880400e+06
 9.40064403e+03 1.17923818e+06
 9.40981505e+03 1.18460690e+06
 9.41898608e+03 1.20872397e+06
 9.42815710e+03 1.23769606e+06
 9.43732812e+03 1.23936905e+06
 9.44649914e+03 1.26072082e+06
 9.45567017e+03 1.29839834e+06
 9.46484119e+03 1.26764971e+06
 9.47401221e+03 1.22732169e+06
 9.48318323e+03 1.22447497e+06
 9.49235426e+03 1.24543080e+06
 9.50152528e+03 1.26716439e+06
 9.51069630e+03 1.23756199e+06
 9.51986733e+03 1.21763766e+06
 9.52903835e+03 1.25343698e+06
 9.53820937e+03 1.26636912e+06
 9.54738039e+03 1.25397515e+06
 9.55655142e+03 1.24253801e+06
 9.56572244e+03 1.20846950e+06
 9.57489346e+03 1.18246156e+06
 9.58406448e+03 1.17172602e+06
 9.59323551e+03 1.18106999e+06
 9.60240653e+03 1.19941490e+06
 9.61157755e+03 1.22866446e+06
 9.62074858e+03 1.22270533e+06
 9.62991960e+03 1.19323509e+06
 9.63909062e+03 1.20202835e+06
 9.64826164e+03 1.21037586e+06
 9.65743267e+03 1.19200927e+06
 9.66660369e+03 1.16592677e+06
 9.67577471e+03 1.19228786e+06
 9.68494573e+03 1.20071612e+06
 9.69411676e+03 1.19735269e+06
 9.70328778e+03 1.16907433e+06
 9.71245880e+03 1.15324414e+06
 9.72162983e+03 1.17094103e+06
 9.73080085e+03 1.15289747e+06
 9.73997187e+03 1.11079051e+06
 9.74914289e+03 1.09111502e+06
 9.75831392e+03 1.12830434e+06
 9.76748494e+03 1.13876454e+06
 9.77665596e+03 1.11400723e+06
 9.78582698e+03 1.09390905e+06
 9.79499801e+03 1.08363796e+06
 9.80416903e+03 1.05795272e+06
 9.81334005e+03 1.10087143e+06
 9.82251108e+03 1.16148587e+06
 9.83168210e+03 1.14109161e+06
 9.84085312e+03 1.09223363e+06
 9.85002414e+03 1.10609707e+06
 9.85919517e+03 1.12717573e+06
 9.86836619e+03 1.09788987e+06
 9.87753721e+03 1.06925730e+06
 9.88670823e+03 1.10477417e+06
 9.89587926e+03 1.09138885e+06
 9.90505028e+03 1.08665429e+06
 9.91422130e+03 1.09683556e+06
 9.92339233e+03 1.08772982e+06
 9.93256335e+03 1.07284393e+06
 9.94173437e+03 1.07581609e+06
 9.95090539e+03 1.10504201e+06
 9.96007642e+03 1.10346046e+06
 9.96924744e+03 1.09993584e+06
 9.97841846e+03 1.12594661e+06
 9.98758948e+03 1.12202438e+06
 9.99676051e+03 1.11052316e+06
 1.00059315e+04 1.09220741e+06
 1.00151026e+04 1.07976229e+06
 1.00242736e+04 1.08223917e+06
 1.00334446e+04 1.06453091e+06
 1.00426156e+04 1.05375597e+06
 1.00517866e+04 1.03549717e+06
 1.00609577e+04 1.00996366e+06
 1.00701287e+04 1.03068188e+06
 1.00792997e+04 1.04516035e+06
 1.00884707e+04 1.04978768e+06
 1.00976418e+04 1.03733324e+06
 1.01068128e+04 1.03788144e+06
 1.01159838e+04 1.01569102e+06
 1.01251548e+04 1.00659156e+06
 1.01343258e+04 1.01427744e+06
 1.01434969e+04 9.81737143e+05
 1.01526679e+04 9.91609416e+05
 1.01618389e+04 1.01263502e+06
 1.01710099e+04 9.97363295e+05
 1.01801810e+04 9.88414368e+05
 1.01893520e+04 1.03163998e+06
 1.01985230e+04 1.03188730e+06
 1.02076940e+04 1.02437832e+06
 1.02168651e+04 1.00224539e+06
 1.02260361e+04 1.01152022e+06
 1.02352071e+04 9.97422470e+05
 1.02443781e+04 9.64968231e+05
 1.02535491e+04 9.63221105e+05
 1.02627202e+04 9.77501325e+05
 1.02718912e+04 9.69938039e+05
 1.02810622e+04 9.61709698e+05
 1.02902332e+04 9.60219757e+05
 1.02994043e+04 9.79257514e+05
 1.03085753e+04 1.00389468e+06
 1.03177463e+04 1.01586251e+06
 1.03269173e+04 1.02008379e+06
 1.03360883e+04 1.04666239e+06
 1.03452594e+04 1.04188574e+06
 1.03544304e+04 1.06178424e+06
 1.03636014e+04 1.06829274e+06
 1.03727724e+04 1.04290963e+06
 1.03819435e+04 1.01160252e+06
 1.03911145e+04 1.00488904e+06
 1.04002855e+04 9.86614875e+05
 1.04094565e+04 9.52694242e+05
 1.04186276e+04 9.24111061e+05
 1.04277986e+04 9.21609684e+05
 1.04369696e+04 9.10237105e+05
 1.04461406e+04 8.55826117e+05
 1.04553116e+04 8.72038089e+05
 1.04644827e+04 9.06551181e+05
 1.04736537e+04 9.28306105e+05
 1.04828247e+04 9.44062794e+05
 1.04919957e+04 9.30723589e+05
 1.05011668e+04 9.11461805e+05
 1.05103378e+04 9.11725154e+05
 1.05195088e+04 9.29408829e+05
 1.05286798e+04 9.22435927e+05
 1.05378508e+04 9.36735055e+05
 1.05470219e+04 9.38787801e+05
 1.05561929e+04 8.95855588e+05
 1.05653639e+04 9.28831961e+05
 1.05745349e+04 9.38320746e+05
 1.05837060e+04 9.67503818e+05
 1.05928770e+04 9.79026266e+05
 1.06020480e+04 9.59752992e+05
 1.06112190e+04 9.38391103e+05
 1.06203901e+04 9.65553346e+05
 1.06295611e+04 9.13815984e+05
 1.06387321e+04 9.23687884e+05
 1.06479031e+04 9.30043381e+05
 1.06570741e+04 9.20367859e+05
 1.06662452e+04 9.07032549e+05
 1.06754162e+04 9.26058981e+05
 1.06845872e+04 9.34231454e+05
 1.06937582e+04 9.47644603e+05
 1.07029293e+04 9.22425108e+05
 1.07121003e+04 9.27098451e+05
 1.07212713e+04 9.29389250e+05
 1.07304423e+04 9.26424417e+05
 1.07396133e+04 8.99186654e+05
 1.07487844e+04 8.50169007e+05
 1.07579554e+04 8.11168674e+05
 1.07671264e+04 8.17794309e+05
 1.07762974e+04 8.44094857e+05
 1.07854685e+04 8.61993151e+05
 1.07946395e+04 9.17152901e+05
 1.08038105e+04 9.21802993e+05
 1.08129815e+04 9.05316587e+05
 1.08221526e+04 8.55757151e+05
 1.08313236e+04 8.31149002e+05
 1.08404946e+04 8.45943949e+05
 1.08496656e+04 8.57577711e+05
 1.08588366e+04 8.97247141e+05
 1.08680077e+04 9.14928324e+05
 1.08771787e+04 9.33705662e+05
 1.08863497e+04 8.78726165e+05
 1.08955207e+04 8.33029960e+05
 1.09046918e+04 8.48414898e+05
 1.09138628e+04 8.56670038e+05
 1.09230338e+04 8.47640412e+05
 1.09322048e+04 8.68071726e+05
 1.09413758e+04 8.79494966e+05
 1.09505469e+04 8.69828374e+05
 1.09597179e+04 8.72632408e+05
 1.09688889e+04 9.12283740e+05
 1.09780599e+04 9.19474742e+05
 1.09872310e+04 8.99549873e+05
 1.09964020e+04 8.48488141e+05
 1.10055730e+04 7.99580689e+05
 1.10147440e+04 7.96484959e+05
 1.10239151e+04 8.26116975e+05
 1.10330861e+04 8.54487377e+05
 1.10422571e+04 8.59513235e+05
 1.10514281e+04 8.47700459e+05
 1.10605991e+04 8.42537186e+05
 1.10697702e+04 8.33446591e+05
 1.10789412e+04 8.47172557e+05
 1.10881122e+04 8.19023485e+05
 1.10972832e+04 8.44702752e+05
 1.11064543e+04 8.28480495e+05
 1.11156253e+04 7.92398814e+05
 1.11247963e+04 7.75650351e+05
 1.11339673e+04 7.82772915e+05
 1.11431383e+04 8.09441713e+05
 1.11523094e+04 8.01392373e+05
 1.11614804e+04 7.73065798e+05
 1.11706514e+04 7.89718196e+05
 1.11798224e+04 8.45161501e+05
 1.11889935e+04 8.73366941e+05
 1.11981645e+04 8.60006174e+05
 1.12073355e+04 8.75838692e+05
 1.12165065e+04 8.57346339e+05
 1.12256776e+04 8.34116597e+05
 1.12348486e+04 8.09513931e+05
 1.12440196e+04 8.11249634e+05
 1.12531906e+04 8.36445687e+05
 1.12623616e+04 8.72469363e+05
 1.12715327e+04 8.80431440e+05
 1.12807037e+04 8.40670530e+05
 1.12898747e+04 8.11698688e+05
 1.12990457e+04 8.05363443e+05
 1.13082168e+04 8.10400544e+05
 1.13173878e+04 8.47176794e+05
 1.13265588e+04 8.53030289e+05
 1.13357298e+04 8.66624365e+05
 1.13449008e+04 8.35186897e+05
 1.13540719e+04 8.23247466e+05
 1.13632429e+04 8.27872245e+05
 1.13724139e+04 8.27334333e+05
 1.13815849e+04 8.10680112e+05
 1.13907560e+04 7.99131304e+05
 1.13999270e+04 7.72863819e+05
 1.14090980e+04 7.41663095e+05
 1.14182690e+04 7.50624483e+05
 1.14274401e+04 7.69688932e+05
 1.14366111e+04 7.82159881e+05
 1.14457821e+04 7.72111113e+05
 1.14549531e+04 7.76283454e+05
 1.14641241e+04 8.07432944e+05
 1.14732952e+04 8.09922499e+05
 1.14824662e+04 7.88837106e+05
 1.14916372e+04 7.73220136e+05
 1.15008082e+04 7.78695319e+05
 1.15099793e+04 7.81333984e+05
 1.15191503e+04 7.83003630e+05
 1.15283213e+04 7.64402280e+05
 1.15374923e+04 7.44854781e+05
 1.15466633e+04 7.11221886e+05
 1.15558344e+04 7.27172176e+05
 1.15650054e+04 7.53890415e+05
 1.15741764e+04 7.54662347e+05
 1.15833474e+04 7.76706953e+05
 1.15925185e+04 7.80106734e+05
 1.16016895e+04 7.86711649e+05
 1.16108605e+04 7.84149630e+05
 1.16200315e+04 7.67202485e+05
 1.16292026e+04 7.56882471e+05
 1.16383736e+04 7.47092276e+05
 1.16475446e+04 7.43644908e+05
 1.16567156e+04 7.25369012e+05
 1.16658866e+04 7.23453115e+05
 1.16750577e+04 7.68708200e+05
 1.16842287e+04 7.59962870e+05
 1.16933997e+04 7.49010145e+05
 1.17025707e+04 7.40628509e+05
 1.17117418e+04 7.33814359e+05
 1.17209128e+04 7.03520007e+05
 1.17300838e+04 7.02587718e+05
 1.17392548e+04 6.96258737e+05
 1.17484258e+04 6.82838500e+05
 1.17575969e+04 6.93249754e+05
 1.17667679e+04 6.90419575e+05
 1.17759389e+04 6.93181356e+05
 1.17851099e+04 7.13543690e+05
 1.17942810e+04 7.12191907e+05
 1.18034520e+04 7.00763379e+05
 1.18126230e+04 7.02152315e+05
 1.18217940e+04 7.15890366e+05
 1.18309651e+04 7.20616436e+05
 1.18401361e+04 7.16823132e+05
 1.18493071e+04 6.75009053e+05
 1.18584781e+04 6.72415190e+05
 1.18676491e+04 6.90199123e+05
 1.18768202e+04 7.27826076e+05
 1.18859912e+04 7.32718321e+05
 1.18951622e+04 7.42465678e+05
 1.19043332e+04 7.34546288e+05
 1.19135043e+04 7.13269790e+05
 1.19226753e+04 6.96637884e+05
 1.19318463e+04 6.97926809e+05
 1.19410173e+04 7.00822281e+05
 1.19501883e+04 7.02169986e+05
 1.19593594e+04 6.90874173e+05
 1.19685304e+04 7.05100122e+05
 1.19777014e+04 6.90263037e+05
 1.19868724e+04 6.66101727e+05
 1.19960435e+04 6.89067088e+05
 1.20052145e+04 7.42619062e+05
 1.20143855e+04 7.19817914e+05
 1.20235565e+04 6.92649646e+05
 1.20327276e+04 6.72650379e+05
 1.20418986e+04 6.50960312e+05
 1.20510696e+04 6.49999572e+05
 1.20602406e+04 6.89707158e+05
 1.20694116e+04 7.02736775e+05
 1.20785827e+04 7.16073191e+05
 1.20877537e+04 7.17940457e+05
 1.20969247e+04 7.16271269e+05
 1.21060957e+04 7.16224982e+05
 1.21152668e+04 7.18283480e+05
 1.21244378e+04 7.25741981e+05
 1.21336088e+04 7.25307461e+05
 1.21427798e+04 7.11657447e+05
 1.21519508e+04 6.87943659e+05
 1.21611219e+04 6.79522323e+05
 1.21702929e+04 6.80189191e+05
 1.21794639e+04 6.59024337e+05
 1.21886349e+04 6.55434349e+05
 1.21978060e+04 6.79029329e+05
 1.22069770e+04 6.75029199e+05
 1.22161480e+04 6.75386156e+05
 1.22253190e+04 6.74993987e+05
 1.22344901e+04 6.78977194e+05
 1.22436611e+04 6.76990295e+05
 1.22528321e+04 6.76748862e+05
 1.22620031e+04 6.76489670e+05
 1.22711741e+04 6.69164638e+05
 1.22803452e+04 6.66459728e+05
 1.22895162e+04 6.68209417e+05
 1.22986872e+04 6.78480290e+05
 1.23078582e+04 6.88212297e+05
 1.23170293e+04 6.93661776e+05
 1.23262003e+04 6.85927356e+05
 1.23353713e+04 6.78865194e+05
 1.23445423e+04 6.64427351e+05
 1.23537133e+04 6.53024260e+05
 1.23628844e+04 6.45449293e+05
 1.23720554e+04 6.46810958e+05
 1.23812264e+04 6.36605064e+05
 1.23903974e+04 6.38409131e+05
 1.23995685e+04 6.73300998e+05
 1.24087395e+04 6.68143896e+05
 1.24179105e+04 6.32333275e+05
 1.24270815e+04 6.29528733e+05
 1.24362526e+04 6.18746097e+05
 1.24454236e+04 6.35396612e+05
 1.24545946e+04 6.57030013e+05
 1.24637656e+04 6.77736063e+05
 1.24729366e+04 6.84786700e+05
 1.24821077e+04 6.87641461e+05
 1.24912787e+04 6.88551853e+05
 1.25004497e+04 6.87620032e+05
 1.25096207e+04 6.94676474e+05
 1.25187918e+04 6.98861859e+05
 1.25279628e+04 6.98345708e+05
 1.25371338e+04 6.68842972e+05
 1.25463048e+04 6.23250305e+05
 1.25554758e+04 6.16585854e+05
 1.25646469e+04 6.28710546e+05
 1.25738179e+04 6.31329041e+05
 1.25829889e+04 6.24112711e+05
 1.25921599e+04 6.07905423e+05
 1.26013310e+04 6.05134607e+05
 1.26105020e+04 6.23241755e+05
 1.26196730e+04 6.25091518e+05
 1.26288440e+04 6.31488113e+05
 1.26380151e+04 6.22446358e+05
 1.26471861e+04 6.32262620e+05
 1.26563571e+04 6.15517107e+05
 1.26655281e+04 5.95178133e+05
 1.26746991e+04 5.84800533e+05
 1.26838702e+04 5.84375591e+05
 1.26930412e+04 5.88813665e+05
 1.27022122e+04 5.99162097e+05
 1.27113832e+04 6.08357574e+05
 1.27205543e+04 6.21937801e+05
 1.27297253e+04 6.18715052e+05
 1.27388963e+04 6.23644825e+05
 1.27480673e+04 6.45163752e+05
 1.27572383e+04 6.52383957e+05
 1.27664094e+04 6.56528001e+05
 1.27755804e+04 6.42007035e+05
 1.27847514e+04 6.23252879e+05
 1.27939224e+04 6.16956415e+05
 1.28030935e+04 6.05611474e+05
 1.28122645e+04 5.95007368e+05
 1.28214355e+04 5.93809596e+05
 1.28306065e+04 5.93390726e+05
 1.28397776e+04 5.91538046e+05
 1.28489486e+04 5.92640405e+05
 1.28581196e+04 5.97572858e+05
 1.28672906e+04 6.04223098e+05
 1.28764616e+04 6.07370336e+05
 1.28856327e+04 6.04446895e+05
 1.28948037e+04 6.03085877e+05
 1.29039747e+04 6.12348601e+05
 1.29131457e+04 6.16070662e+05
 1.29223168e+04 6.36993753e+05
 1.29314878e+04 6.19683573e+05
 1.29406588e+04 5.99842173e+05
 1.29498298e+04 6.01551642e+05
 1.29590008e+04 6.24879011e+05
 1.29681719e+04 6.20193634e+05
 1.29773429e+04 5.81692132e+05
 1.29865139e+04 5.91542092e+05
 1.29956849e+04 5.76380666e+05
 1.30048560e+04 5.83709891e+05
 1.30140270e+04 6.22453461e+05
 1.30231980e+04 6.25071021e+05
 1.30323690e+04 6.01252927e+05
 1.30415401e+04 5.86804941e+05
 1.30507111e+04 5.68039657e+05
 1.30598821e+04 5.81234402e+05
 1.30690531e+04 5.77982964e+05
 1.30782241e+04 5.69259983e+05
 1.30873952e+04 5.77115050e+05
 1.30965662e+04 5.72415624e+05
 1.31057372e+04 5.83214128e+05
 1.31149082e+04 6.05093807e+05
 1.31240793e+04 6.18498907e+05
 1.31332503e+04 5.99725690e+05
 1.31424213e+04 5.79288875e+05
 1.31515923e+04 5.86622493e+05
 1.31607633e+04 5.92922008e+05
 1.31699344e+04 5.74496119e+05
 1.31791054e+04 5.74252902e+05
 1.31882764e+04 5.79525498e+05
 1.31974474e+04 5.58402716e+05
 1.32066185e+04 5.46795244e+05
 1.32157895e+04 5.33653233e+05
 1.32249605e+04 5.35694371e+05
 1.32341315e+04 5.65862734e+05
 1.32433026e+04 5.93065951e+05
 1.32524736e+04 5.94309010e+05
 1.32616446e+04 5.83601410e+05
 1.32708156e+04 5.90158712e+05
 1.32799866e+04 5.96191358e+05
 1.32891577e+04 5.75394497e+05
 1.32983287e+04 5.43764925e+05
 1.33074997e+04 5.40736874e+05
 1.33166707e+04 5.64288752e+05
 1.33258418e+04 5.70423180e+05
 1.33350128e+04 5.64562094e+05
 1.33441838e+04 5.56764339e+05
 1.33533548e+04 5.61817465e+05
 1.33625258e+04 5.76861501e+05
 1.33716969e+04 5.76569444e+05
 1.33808679e+04 5.61823862e+05
 1.33900389e+04 5.34874861e+05
 1.33992099e+04 5.30047510e+05
 1.34083810e+04 5.29263350e+05
 1.34175520e+04 5.28896074e+05
 1.34267230e+04 5.17723953e+05
 1.34358940e+04 5.09246491e+05
 1.34450651e+04 5.19952048e+05
 1.34542361e+04 5.37494681e+05
 1.34634071e+04 5.49311401e+05
 1.34725781e+04 5.58047690e+05
 1.34817491e+04 5.61274320e+05
 1.34909202e+04 5.32969743e+05
 1.35000912e+04 5.09691980e+05
 1.35092622e+04 5.02675178e+05
 1.35184332e+04 5.01559190e+05
 1.35276043e+04 4.95559979e+05
 1.35367753e+04 5.07206569e+05
 1.35459463e+04 5.39780133e+05
 1.35551173e+04 5.48115320e+05
 1.35642883e+04 5.40603824e+05
 1.35734594e+04 5.13864507e+05
 1.35826304e+04 5.12295724e+05
 1.35918014e+04 5.24880536e+05
 1.36009724e+04 5.47943099e+05
 1.36101435e+04 5.55528703e+05
 1.36193145e+04 5.55417305e+05
 1.36284855e+04 5.38029512e+05
 1.36376565e+04 5.35790481e+05
 1.36468276e+04 5.11003258e+05
 1.36559986e+04 4.89649909e+05
 1.36651696e+04 4.99726183e+05
 1.36743406e+04 4.94153145e+05
 1.36835116e+04 4.88087059e+05
 1.36926827e+04 4.81431151e+05
 1.37018537e+04 4.88461365e+05
 1.37110247e+04 5.07850877e+05
 1.37201957e+04 5.14030339e+05
 1.37293668e+04 5.09136303e+05
 1.37385378e+04 4.97122522e+05
 1.37477088e+04 4.88043291e+05
 1.37568798e+04 5.15099669e+05
 1.37660509e+04 5.19753993e+05
 1.37752219e+04 5.17141794e+05
 1.37843929e+04 5.13718895e+05
 1.37935639e+04 4.98147340e+05
 1.38027349e+04 4.94509815e+05
 1.38119060e+04 5.04572711e+05
 1.38210770e+04 5.18245655e+05
 1.38302480e+04 5.02457290e+05
 1.38394190e+04 4.75951102e+05
 1.38485901e+04 4.57707699e+05
 1.38577611e+04 4.64946836e+05
 1.38669321e+04 4.70269354e+05
 1.38761031e+04 4.69850634e+05
 1.38852741e+04 4.86946444e+05
 1.38944452e+04 4.92110783e+05
 1.39036162e+04 4.86496105e+05
 1.39127872e+04 4.81635038e+05
 1.39219582e+04 4.94345311e+05
 1.39311293e+04 4.85315350e+05
 1.39403003e+04 4.75269682e+05
 1.39494713e+04 4.57869778e+05
 1.39586423e+04 4.38642538e+05
 1.39678134e+04 4.47707571e+05
 1.39769844e+04 4.61582581e+05
 1.39861554e+04 4.57050252e+05
 1.39953264e+04 4.47248021e+05
 1.40044974e+04 4.58335852e+05
 1.40136685e+04 4.89427487e+05
 1.40228395e+04 5.20739853e+05
 1.40320105e+04 5.29197936e+05
 1.40411815e+04 5.06215813e+05
 1.40503526e+04 4.94503823e+05
 1.40595236e+04 4.97484983e+05
 1.40686946e+04 5.08282202e+05
 1.40778656e+04 5.11523830e+05
 1.40870366e+04 5.12656705e+05
 1.40962077e+04 5.18553864e+05
 1.41053787e+04 5.19133420e+05
 1.41145497e+04 4.92395823e+05
 1.41237207e+04 4.73943260e+05
 1.41328918e+04 4.80074621e+05
 1.41420628e+04 4.97881413e+05
 1.41512338e+04 5.00086328e+05
 1.41604048e+04 4.90281148e+05
 1.41695759e+04 4.84911196e+05
 1.41787469e+04 4.83699953e+05
 1.41879179e+04 4.79167842e+05
 1.41970889e+04 4.72119055e+05
 1.42062599e+04 4.64697437e+05
 1.42154310e+04 4.56997083e+05
 1.42246020e+04 4.63816388e+05
 1.42337730e+04 4.83801702e+05
 1.42429440e+04 5.01468960e+05
 1.42521151e+04 5.03088461e+05
 1.42612861e+04 5.01198997e+05
 1.42704571e+04 4.99695049e+05
 1.42796281e+04 4.92241582e+05
 1.42887991e+04 5.01894205e+05
 1.42979702e+04 4.92440153e+05
 1.43071412e+04 4.78809542e+05
 1.43163122e+04 4.68199779e+05
 1.43254832e+04 4.60795653e+05
 1.43346543e+04 4.73162644e+05
 1.43438253e+04 4.89202173e+05
 1.43529963e+04 4.79024091e+05
 1.43621673e+04 4.69679432e+05
 1.43713384e+04 4.63681594e+05
 1.43805094e+04 4.64529209e+05
 1.43896804e+04 4.86090802e+05
 1.43988514e+04 4.92239665e+05
 1.44080224e+04 4.97544332e+05
 1.44171935e+04 5.02239008e+05
 1.44263645e+04 4.93108315e+05
 1.44355355e+04 5.03960019e+05
 1.44447065e+04 4.77196615e+05
 1.44538776e+04 4.65985787e+05
 1.44630486e+04 4.50602741e+05
 1.44722196e+04 4.56988130e+05
 1.44813906e+04 4.40847954e+05
 1.44905616e+04 4.35766758e+05
 1.44997327e+04 4.59693967e+05
 1.45089037e+04 4.55004630e+05
 1.45180747e+04 4.66791038e+05
 1.45272457e+04 4.64989093e+05
 1.45364168e+04 4.57276472e+05
 1.45455878e+04 4.61278222e+05
 1.45547588e+04 4.75002529e+05
 1.45639298e+04 4.79122355e+05
 1.45731009e+04 4.60345445e+05
 1.45822719e+04 4.41790171e+05
 1.45914429e+04 4.34277135e+05
 1.46006139e+04 4.42812608e+05
 1.46097849e+04 4.51436962e+05
 1.46189560e+04 4.43922430e+05
 1.46281270e+04 4.42173290e+05
 1.46372980e+04 4.49956586e+05
 1.46464690e+04 4.56547841e+05
 1.46556401e+04 4.56961324e+05
 1.46648111e+04 4.40854874e+05
 1.46739821e+04 4.21195730e+05
 1.46831531e+04 4.16002228e+05
 1.46923241e+04 4.36867014e+05
 1.47014952e+04 4.73087363e+05
 1.47106662e+04 4.74834846e+05
 1.47198372e+04 4.42268832e+05
 1.47290082e+04 4.27987683e+05
 1.47381793e+04 4.35312382e+05
 1.47473503e+04 4.43383709e+05
 1.47565213e+04 4.56044033e+05
 1.47656923e+04 4.58420984e+05
 1.47748634e+04 4.57687448e+05
 1.47840344e+04 4.46783668e+05
 1.47932054e+04 4.31770895e+05
 1.48023764e+04 4.32236696e+05
 1.48115474e+04 4.42862403e+05
 1.48207185e+04 4.31221308e+05
 1.48298895e+04 4.22273788e+05
 1.48390605e+04 4.18666736e+05
 1.48482315e+04 3.99231766e+05
 1.48574026e+04 4.04962580e+05
 1.48665736e+04 4.12889685e+05
 1.48757446e+04 4.08269067e+05
 1.48849156e+04 4.15489957e+05
 1.48940866e+04 4.29984635e+05
 1.49032577e+04 4.27995310e+05
 1.49124287e+04 4.35577125e+05
 1.49215997e+04 4.26485905e+05
 1.49307707e+04 4.25996773e+05
 1.49399418e+04 4.25577934e+05
 1.49491128e+04 4.16082851e+05
 1.49582838e+04 4.11454039e+05
 1.49674548e+04 4.20548422e+05
 1.49766259e+04 4.30665875e+05
 1.49857969e+04 4.18420356e+05
 1.49949679e+04 3.97772872e+05
 1.50041389e+04 3.99183074e+05
 1.50133099e+04 4.13155060e+05
 1.50224810e+04 4.25363899e+05
 1.50316520e+04 4.32723091e+05
 1.50408230e+04 4.19917673e+05
 1.50499940e+04 4.02585826e+05
 1.50591651e+04 4.00749623e+05
 1.50683361e+04 4.18372034e+05
 1.50775071e+04 4.43973283e+05
 1.50866781e+04 4.54684422e+05
 1.50958491e+04 4.47053420e+05
 1.51050202e+04 4.43078375e+05
 1.51141912e+04 4.32030352e+05
 1.51233622e+04 4.28128634e+05
 1.51325332e+04 4.21527458e+05
 1.51417043e+04 4.06072351e+05
 1.51508753e+04 3.97199378e+05
 1.51600463e+04 3.93822035e+05
 1.51692173e+04 3.90303764e+05
 1.51783884e+04 4.02946189e+05
 1.51875594e+04 4.12602000e+05
 1.51967304e+04 4.34262455e+05
 1.52059014e+04 4.29886324e+05
 1.52150724e+04 4.20753791e+05
 1.52242435e+04 4.14640272e+05
 1.52334145e+04 4.15104554e+05
 1.52425855e+04 4.15549122e+05
 1.52517565e+04 4.18058057e+05
 1.52609276e+04 4.24799612e+05
 1.52700986e+04 4.13691475e+05
 1.52792696e+04 3.87244880e+05
 1.52884406e+04 3.80817421e+05
 1.52976116e+04 3.94444380e+05
 1.53067827e+04 4.07614473e+05
 1.53159537e+04 4.12919941e+05
 1.53251247e+04 4.01930489e+05
 1.53342957e+04 3.92797896e+05
 1.53434668e+04 4.18748900e+05
 1.53526378e+04 3.99978366e+05
 1.53618088e+04 3.92135689e+05
 1.53709798e+04 3.75537331e+05
 1.53801509e+04 3.58442336e+05
 1.53893219e+04 3.67244042e+05
 1.53984929e+04 3.68076348e+05
 1.54076639e+04 3.78019162e+05
 1.54168349e+04 3.88777668e+05
 1.54260060e+04 3.80469331e+05
 1.54351770e+04 4.01277397e+05
 1.54443480e+04 4.15729517e+05
 1.54535190e+04 4.20182552e+05
 1.54626901e+04 4.09320520e+05
 1.54718611e+04 3.97406305e+05
 1.54810321e+04 3.92057526e+05
 1.54902031e+04 3.88534653e+05
 1.54993741e+04 3.91646409e+05
 1.55085452e+04 3.92358968e+05
 1.55177162e+04 3.89340293e+05
 1.55268872e+04 3.99988653e+05
 1.55360582e+04 4.07994677e+05
 1.55452293e+04 4.05192479e+05
 1.55544003e+04 3.96709647e+05
 1.55635713e+04 3.84256616e+05
 1.55727423e+04 3.69493262e+05
 1.55819134e+04 3.76627665e+05
 1.55910844e+04 3.75317334e+05
 1.56002554e+04 3.85172779e+05
 1.56094264e+04 3.86822308e+05
 1.56185974e+04 3.64393913e+05
 1.56277685e+04 3.65532342e+05
 1.56369395e+04 3.71854509e+05
 1.56461105e+04 3.61411712e+05
 1.56552815e+04 3.50078309e+05
 1.56644526e+04 3.58266645e+05
 1.56736236e+04 3.79608490e+05
 1.56827946e+04 3.89154374e+05
 1.56919656e+04 3.86099896e+05
 1.57011366e+04 3.91936794e+05
 1.57103077e+04 3.95067905e+05
 1.57194787e+04 3.77830439e+05
 1.57286497e+04 3.80106300e+05
 1.57378207e+04 3.88721625e+05
 1.57469918e+04 3.77831976e+05
 1.57561628e+04 3.53357366e+05
 1.57653338e+04 3.72993456e+05
 1.57745048e+04 3.86001629e+05
 1.57836759e+04 3.88383224e+05
 1.57928469e+04 3.83557019e+05
 1.58020179e+04 3.72061272e+05
 1.58111889e+04 3.54293918e+05
 1.58203599e+04 3.57322419e+05
 1.58295310e+04 3.53073216e+05
 1.58387020e+04 3.53648422e+05
 1.58478730e+04 3.63027410e+05
 1.58570440e+04 3.65718154e+05
 1.58662151e+04 3.73593827e+05
 1.58753861e+04 3.82904730e+05
 1.58845571e+04 3.83710988e+05
 1.58937281e+04 3.86188372e+05
 1.59028991e+04 3.72670103e+05
 1.59120702e+04 3.69269058e+05
 1.59212412e+04 3.73254087e+05
 1.59304122e+04 3.92706462e+05
 1.59395832e+04 3.75526659e+05
 1.59487543e+04 3.61454869e+05
 1.59579253e+04 3.60276997e+05
 1.59670963e+04 3.58732095e+05
 1.59762673e+04 3.51383520e+05
 1.59854384e+04 3.80692790e+05
 1.59946094e+04 3.78742489e+05
 1.60037804e+04 3.76675575e+05
 1.60129514e+04 3.76971699e+05
 1.60221224e+04 3.69058702e+05
 1.60312935e+04 3.62854251e+05
 1.60404645e+04 3.62258593e+05
 1.60496355e+04 3.63221548e+05
 1.60588065e+04 3.67228796e+05
 1.60679776e+04 3.73475123e+05
 1.60771486e+04 3.74972378e+05
 1.60863196e+04 3.54131800e+05
 1.60954906e+04 3.45712688e+05
 1.61046616e+04 3.59691144e+05
 1.61138327e+04 3.68630323e+05
 1.61230037e+04 3.55053533e+05
 1.61321747e+04 3.52520701e+05
 1.61413457e+04 3.42901988e+05
 1.61505168e+04 3.39396384e+05
 1.61596878e+04 3.39126905e+05
 1.61688588e+04 3.39610940e+05
 1.61780298e+04 3.40446397e+05
 1.61872009e+04 3.47798375e+05
 1.61963719e+04 3.54527509e+05
 1.62055429e+04 3.58246894e+05
 1.62147139e+04 3.70132858e+05
 1.62238849e+04 3.83745495e+05
 1.62330560e+04 3.81000287e+05
 1.62422270e+04 3.72277706e+05
 1.62513980e+04 3.67017017e+05
 1.62605690e+04 3.62511473e+05
 1.62697401e+04 3.68782279e+05
 1.62789111e+04 3.63973527e+05
 1.62880821e+04 3.59408572e+05
 1.62972531e+04 3.52818298e+05
 1.63064241e+04 3.47046350e+05
 1.63155952e+04 3.52056110e+05
 1.63247662e+04 3.53848271e+05
 1.63339372e+04 3.52317514e+05
 1.63431082e+04 3.55904314e+05
 1.63522793e+04 3.58715158e+05
 1.63614503e+04 3.57099323e+05
 1.63706213e+04 3.58245922e+05
 1.63797923e+04 3.52928198e+05
 1.63889634e+04 3.32660879e+05
 1.63981344e+04 3.40479767e+05
 1.64073054e+04 3.51079187e+05
 1.64164764e+04 3.49611070e+05
 1.64256474e+04 3.17925871e+05
 1.64348185e+04 3.14313171e+05
 1.64439895e+04 3.06158998e+05
 1.64531605e+04 3.16584530e+05
 1.64623315e+04 3.30283492e+05
 1.64715026e+04 3.42285090e+05
 1.64806736e+04 3.45461622e+05
 1.64898446e+04 3.39054532e+05
 1.64990156e+04 3.27685915e+05
 1.65081866e+04 3.25829243e+05
 1.65173577e+04 3.33388963e+05
 1.65265287e+04 3.24273377e+05
 1.65356997e+04 3.14411153e+05
 1.65448707e+04 3.15382543e+05
 1.65540418e+04 3.21848043e+05
 1.65632128e+04 3.24222657e+05
 1.65723838e+04 3.16140619e+05
 1.65815548e+04 3.08781743e+05
 1.65907259e+04 3.20167140e+05
 1.65998969e+04 3.26792014e+05
 1.66090679e+04 3.35201036e+05
 1.66182389e+04 3.42591919e+05
 1.66274099e+04 3.45893532e+05
 1.66365810e+04 3.50485285e+05
 1.66457520e+04 3.56053375e+05
 1.66549230e+04 3.58624134e+05
 1.66640940e+04 3.59290380e+05
 1.66732651e+04 3.48895700e+05
 1.66824361e+04 3.33946824e+05
 1.66916071e+04 3.35677018e+05
 1.67007781e+04 3.39818374e+05
 1.67099491e+04 3.60275888e+05
 1.67191202e+04 3.46361217e+05
 1.67282912e+04 3.34584500e+05
 1.67374622e+04 3.27049269e+05
 1.67466332e+04 3.36542473e+05
 1.67558043e+04 3.33718846e+05
 1.67649753e+04 3.13872779e+05
 1.67741463e+04 2.95333658e+05
 1.67833173e+04 2.90500033e+05
 1.67924884e+04 2.94809791e+05
 1.68016594e+04 2.90010780e+05
 1.68108304e+04 2.97546818e+05
 1.68200014e+04 3.05358340e+05
 1.68291724e+04 3.31140572e+05
 1.68383435e+04 3.38255201e+05
 1.68475145e+04 3.43726101e+05
 1.68566855e+04 3.44164295e+05
 1.68658565e+04 3.39391819e+05
 1.68750276e+04 3.28781921e+05
 1.68841986e+04 3.28693897e+05
 1.68933696e+04 3.35900642e+05
 1.69025406e+04 3.34268481e+05
 1.69117116e+04 3.24931868e+05
 1.69208827e+04 3.19587697e+05
 1.69300537e+04 3.13953189e+05
 1.69392247e+04 3.05262691e+05
 1.69483957e+04 3.10765658e+05
 1.69575668e+04 3.30555487e+05
 1.69667378e+04 3.36091211e+05
 1.69759088e+04 3.32984073e+05
 1.69850798e+04 3.32099183e+05
 1.69942509e+04 3.41018965e+05
 1.70034219e+04 3.39505652e+05
 1.70125929e+04 3.27298063e+05
 1.70217639e+04 3.22027703e+05
 1.70309349e+04 3.30371877e+05
 1.70401060e+04 3.34989997e+05
 1.70492770e+04 3.23400312e+05
 1.70584480e+04 3.17391738e+05
 1.70676190e+04 3.11161014e+05
 1.70767901e+04 3.13636988e+05
 1.70859611e+04 3.29455843e+05
 1.70951321e+04 3.30293413e+05
 1.71043031e+04 3.26756762e+05
 1.71134741e+04 3.13781454e+05
 1.71226452e+04 3.03814627e+05
 1.71318162e+04 2.92172524e+05
 1.71409872e+04 2.81515623e+05
 1.71501582e+04 2.77084485e+05
 1.71593293e+04 2.77817875e+05
 1.71685003e+04 2.83878459e+05
 1.71776713e+04 2.97349979e+05
 1.71868423e+04 3.17282811e+05
 1.71960134e+04 3.29255464e+05
 1.72051844e+04 3.29410319e+05
 1.72143554e+04 3.21046129e+05
 1.72235264e+04 3.17151262e+05
 1.72326974e+04 3.10694122e+05
 1.72418685e+04 3.10433211e+05
 1.72510395e+04 3.12000725e+05
 1.72602105e+04 3.09440800e+05
 1.72693815e+04 3.09071569e+05
 1.72785526e+04 3.12825045e+05
 1.72877236e+04 3.11823822e+05
 1.72968946e+04 3.11532963e+05
 1.73060656e+04 3.00923247e+05
 1.73152366e+04 3.07541625e+05
 1.73244077e+04 3.29347233e+05
 1.73335787e+04 3.30317439e+05
 1.73427497e+04 3.27036590e+05
 1.73519207e+04 3.20380369e+05
 1.73610918e+04 3.18460652e+05
 1.73702628e+04 3.21965474e+05
 1.73794338e+04 3.21884819e+05
 1.73886048e+04 3.20648471e+05
 1.73977759e+04 3.26901560e+05
 1.74069469e+04 3.30274113e+05
 1.74161179e+04 3.30142665e+05
 1.74252889e+04 3.39071008e+05
 1.74344599e+04 3.19462445e+05
 1.74436310e+04 3.10576689e+05
 1.74528020e+04 3.01235020e+05
 1.74619730e+04 3.08336082e+05
 1.74711440e+04 3.06155061e+05
 1.74803151e+04 3.05986713e+05
 1.74894861e+04 3.16583419e+05
 1.74986571e+04 3.22792687e+05
 1.75078281e+04 3.11806299e+05
 1.75169991e+04 2.99760666e+05
 1.75261702e+04 3.17625052e+05
 1.75353412e+04 3.21398674e+05
 1.75445122e+04 3.09432555e+05
 1.75536832e+04 3.12533352e+05
 1.75628543e+04 3.03803809e+05
 1.75720253e+04 2.98801609e+05
 1.75811963e+04 2.94245550e+05
 1.75903673e+04 2.93219405e+05
 1.75995384e+04 3.03600353e+05
 1.76087094e+04 3.13701992e+05
 1.76178804e+04 3.11729269e+05
 1.76270514e+04 3.11675580e+05
 1.76362224e+04 2.98191111e+05
 1.76453935e+04 2.99496556e+05
 1.76545645e+04 3.03937452e+05
 1.76637355e+04 2.94297118e+05
 1.76729065e+04 2.77255487e+05
 1.76820776e+04 2.67143411e+05
 1.76912486e+04 2.76149912e+05
 1.77004196e+04 2.88608842e+05
 1.77095906e+04 2.97244964e+05
 1.77187616e+04 2.98454713e+05
 1.77279327e+04 2.84386110e+05
 1.77371037e+04 2.74092548e+05
 1.77462747e+04 2.82090124e+05
 1.77554457e+04 3.05770390e+05
 1.77646168e+04 2.98938568e+05
 1.77737878e+04 2.82750876e+05
 1.77829588e+04 2.75883595e+05
 1.77921298e+04 2.89124540e+05
 1.78013009e+04 2.98782527e+05
 1.78104719e+04 2.90030886e+05
 1.78196429e+04 2.79877770e+05
 1.78288139e+04 2.83536900e+05
 1.78379849e+04 2.87278372e+05
 1.78471560e+04 2.94057426e+05
 1.78563270e+04 2.91013894e+05
 1.78654980e+04 2.79580988e+05
 1.78746690e+04 2.69797499e+05
 1.78838401e+04 2.70084765e+05
 1.78930111e+04 2.79066450e+05
 1.79021821e+04 2.85385571e+05
 1.79113531e+04 2.75849355e+05
 1.79205241e+04 2.66885938e+05
 1.79296952e+04 2.78915646e+05
 1.79388662e+04 2.95815623e+05
 1.79480372e+04 3.01528099e+05
 1.79572082e+04 3.04368943e+05
 1.79663793e+04 2.88400431e+05
 1.79755503e+04 2.87221205e+05
 1.79847213e+04 2.77298935e+05
 1.79938923e+04 2.70683227e+05
 1.80030634e+04 2.76519635e+05
 1.80122344e+04 2.87188043e+05
 1.80214054e+04 2.90430778e+05
 1.80305764e+04 2.87068406e+05
 1.80397474e+04 2.84367416e+05
 1.80489185e+04 2.70432346e+05
 1.80580895e+04 2.60591775e+05
 1.80672605e+04 2.68727221e+05
 1.80764315e+04 2.71091531e+05
 1.80856026e+04 2.74717136e+05
 1.80947736e+04 2.75427341e+05
 1.81039446e+04 2.70996200e+05
 1.81131156e+04 2.63338263e+05
 1.81222866e+04 2.57858753e+05
 1.81314577e+04 2.56346311e+05
 1.81406287e+04 2.54573239e+05
 1.81497997e+04 2.56693164e+05
 1.81589707e+04 2.61281091e+05
 1.81681418e+04 2.65845036e+05
 1.81773128e+04 2.70235941e+05
 1.81864838e+04 2.71208478e+05
 1.81956548e+04 2.78100847e+05
 1.82048259e+04 2.87765301e+05
 1.82139969e+04 2.88049835e+05
 1.82231679e+04 2.80668532e+05
 1.82323389e+04 2.80035159e+05
 1.82415099e+04 2.83153068e+05
 1.82506810e+04 2.73957608e+05
 1.82598520e+04 2.67846336e+05
 1.82690230e+04 2.67732817e+05
 1.82781940e+04 2.67280128e+05
 1.82873651e+04 2.63497833e+05
 1.82965361e+04 2.55964278e+05
 1.83057071e+04 2.52306442e+05
 1.83148781e+04 2.55348062e+05
 1.83240491e+04 2.62586132e+05
 1.83332202e+04 2.71794776e+05
 1.83423912e+04 2.69476797e+05
 1.83515622e+04 2.53124201e+05
 1.83607332e+04 2.35921088e+05
 1.83699043e+04 2.49549951e+05
 1.83790753e+04 2.63159770e+05
 1.83882463e+04 2.62243802e+05
 1.83974173e+04 2.64837415e+05
 1.84065884e+04 2.69811277e+05
 1.84157594e+04 2.66902377e+05
 1.84249304e+04 2.62230756e+05
 1.84341014e+04 2.52735597e+05
 1.84432724e+04 2.46436053e+05
 1.84524435e+04 2.39528010e+05
 1.84616145e+04 2.45058781e+05
 1.84707855e+04 2.49183919e+05
 1.84799565e+04 2.45926069e+05
 1.84891276e+04 2.49855058e+05
 1.84982986e+04 2.55242124e+05
 1.85074696e+04 2.51742985e+05
 1.85166406e+04 2.48230285e+05
 1.85258116e+04 2.53529106e+05
 1.85349827e+04 2.64754103e+05
 1.85441537e+04 2.68453782e+05
 1.85533247e+04 2.54621964e+05
 1.85624957e+04 2.43129008e+05
 1.85716668e+04 2.47872843e+05
 1.85808378e+04 2.64550830e+05
 1.85900088e+04 2.74888203e+05
 1.85991798e+04 2.72346602e+05
 1.86083509e+04 2.69642013e+05
 1.86175219e+04 2.70975184e+05
 1.86266929e+04 2.56674696e+05
 1.86358639e+04 2.49814809e+05
 1.86450349e+04 2.39394763e+05
 1.86542060e+04 2.28842895e+05
 1.86633770e+04 2.27470823e+05
 1.86725480e+04 2.30142464e+05
 1.86817190e+04 2.36221066e+05
 1.86908901e+04 2.43898124e+05
 1.87000611e+04 2.46828126e+05
 1.87092321e+04 2.53281852e+05
 1.87184031e+04 2.50707649e+05
 1.87275741e+04 2.58621357e+05
 1.87367452e+04 2.66237181e+05
 1.87459162e+04 2.65166165e+05
 1.87550872e+04 2.60603303e+05
 1.87642582e+04 2.52494052e+05
 1.87734293e+04 2.42111611e+05
 1.87826003e+04 2.33883425e+05
 1.87917713e+04 2.33958791e+05
 1.88009423e+04 2.53532765e+05
 1.88101134e+04 2.53302846e+05
 1.88192844e+04 2.52813467e+05
 1.88284554e+04 2.58418659e+05
 1.88376264e+04 2.48421695e+05
 1.88467974e+04 2.37774449e+05
 1.88559685e+04 2.29061985e+05
 1.88651395e+04 2.24145513e+05
 1.88743105e+04 2.29646587e+05
 1.88834815e+04 2.37722563e+05
 1.88926526e+04 2.46063750e+05
 1.89018236e+04 2.38255747e+05
 1.89109946e+04 2.38951976e+05
 1.89201656e+04 2.32913106e+05
 1.89293366e+04 2.31061257e+05
 1.89385077e+04 2.32572195e+05
 1.89476787e+04 2.40120809e+05
 1.89568497e+04 2.54158879e+05
 1.89660207e+04 2.62644659e+05
 1.89751918e+04 2.59347213e+05
 1.89843628e+04 2.63332037e+05
 1.89935338e+04 2.44100718e+05
 1.90027048e+04 2.29863377e+05
 1.90118759e+04 2.13437217e+05
 1.90210469e+04 2.10999125e+05
 1.90302179e+04 2.19824668e+05
 1.90393889e+04 2.27884751e+05
 1.90485599e+04 2.26866231e+05
 1.90577310e+04 2.10569980e+05
 1.90669020e+04 2.15631517e+05
 1.90760730e+04 2.21743233e+05
 1.90852440e+04 2.25818572e+05
 1.90944151e+04 2.36518181e+05
 1.91035861e+04 2.44819239e+05
 1.91127571e+04 2.42981840e+05
 1.91219281e+04 2.42247668e+05
 1.91310991e+04 2.49548121e+05
 1.91402702e+04 2.46955408e+05
 1.91494412e+04 2.56658247e+05
 1.91586122e+04 2.49798543e+05
 1.91677832e+04 2.39336641e+05
 1.91769543e+04 2.33412740e+05
 1.91861253e+04 2.24738355e+05
 1.91952963e+04 2.16610263e+05
 1.92044673e+04 2.17307581e+05
 1.92136384e+04 2.22806717e+05
 1.92228094e+04 2.19252378e+05
 1.92319804e+04 2.23610381e+05
 1.92411514e+04 2.31536289e+05
 1.92503224e+04 2.32673942e+05
 1.92594935e+04 2.40178589e+05
 1.92686645e+04 2.55975552e+05
 1.92778355e+04 2.57912117e+05
 1.92870065e+04 2.41046586e+05
 1.92961776e+04 2.26808913e+05
 1.93053486e+04 2.32023417e+05
 1.93145196e+04 2.28553782e+05
 1.93236906e+04 2.30209242e+05
 1.93328616e+04 2.36990868e+05
 1.93420327e+04 2.36474504e+05
 1.93512037e+04 2.30983392e+05
 1.93603747e+04 2.23279135e+05
 1.93695457e+04 2.18241265e+05
 1.93787168e+04 2.20226788e+05
 1.93878878e+04 2.25790855e+05
 1.93970588e+04 2.19338522e+05
 1.94062298e+04 2.12011134e+05
 1.94154009e+04 2.21576508e+05
 1.94245719e+04 2.19583489e+05
 1.94337429e+04 2.20825994e+05
 1.94429139e+04 2.30347473e+05
 1.94520849e+04 2.36822456e+05
 1.94612560e+04 2.33255206e+05
 1.94704270e+04 2.32804361e+05
 1.94795980e+04 2.44436246e+05
 1.94887690e+04 2.37495670e+05
 1.94979401e+04 2.27384059e+05
 1.95071111e+04 2.14582499e+05
 1.95162821e+04 2.15963054e+05
 1.95254531e+04 2.26655059e+05
 1.95346241e+04 2.32027452e+05
 1.95437952e+04 2.30331593e+05
 1.95529662e+04 2.37831011e+05
 1.95621372e+04 2.50011930e+05
 1.95713082e+04 2.49660036e+05
 1.95804793e+04 2.54104456e+05
 1.95896503e+04 2.48112227e+05
 1.95988213e+04 2.46761147e+05
 1.96079923e+04 2.45776260e+05
 1.96171634e+04 2.41294570e+05
 1.96263344e+04 2.40391188e+05
 1.96355054e+04 2.39615668e+05
 1.96446764e+04 2.26689833e+05
 1.96538474e+04 2.25303344e+05
 1.96630185e+04 2.28466268e+05
 1.96721895e+04 2.30558166e+05
 1.96813605e+04 2.25252816e+05
 1.96905315e+04 2.15542474e+05
 1.96997026e+04 2.07396154e+05
 1.97088736e+04 2.02045080e+05
 1.97180446e+04 2.00651949e+05
 1.97272156e+04 2.00269282e+05
 1.97363866e+04 2.04211120e+05
 1.97455577e+04 2.05661397e+05
 1.97547287e+04 2.12532206e+05
 1.97638997e+04 2.15800880e+05
 1.97730707e+04 2.09837009e+05
 1.97822418e+04 2.03883591e+05
 1.97914128e+04 2.09774956e+05
 1.98005838e+04 2.07175532e+05
 1.98097548e+04 2.09333622e+05
 1.98189259e+04 2.04710355e+05
 1.98280969e+04 2.00548895e+05
 1.98372679e+04 1.99289994e+05
 1.98464389e+04 1.96575956e+05
 1.98556099e+04 1.92826725e+05
 1.98647810e+04 1.94511141e+05
 1.98739520e+04 1.94682623e+05
 1.98831230e+04 1.97454956e+05
 1.98922940e+04 1.91989889e+05
 1.99014651e+04 1.94239233e+05
 1.99106361e+04 2.01107624e+05
 1.99198071e+04 2.00869714e+05
 1.99289781e+04 1.91268990e+05
 1.99381491e+04 1.78444147e+05
 1.99473202e+04 1.63354643e+05
 1.99564912e+04 1.56148005e+05
 1.99656622e+04 1.63567308e+05
 1.99748332e+04 1.80461089e+05
 1.99840043e+04 1.93641972e+05
 1.99931753e+04 1.94373586e+05
 2.00023463e+04 1.81931777e+05
 2.00115173e+04 1.67173950e+05
 2.00206884e+04 1.66427720e+05
 2.00298594e+04 1.75967336e+05
 2.00390304e+04 1.74270040e+05
 2.00482014e+04 1.71500354e+05
 2.00573724e+04 1.70675780e+05
 2.00665435e+04 1.73307135e+05
 2.00757145e+04 1.69454473e+05
 2.00848855e+04 1.60189999e+05
 2.00940565e+04 1.60140124e+05
 2.01032276e+04 1.63140651e+05
 2.01123986e+04 1.84096706e+05
 2.01215696e+04 1.81280369e+05
 2.01307406e+04 1.77927830e+05
 2.01399116e+04 1.79787995e+05
 2.01490827e+04 1.81423214e+05
 2.01582537e+04 1.82541671e+05
 2.01674247e+04 1.85761556e+05
 2.01765957e+04 1.81142353e+05
 2.01857668e+04 1.85400907e+05
 2.01949378e+04 1.77147276e+05
 2.02041088e+04 1.66513968e+05
 2.02132798e+04 1.61498644e+05
 2.02224509e+04 1.61183151e+05
 2.02316219e+04 1.60486485e+05
 2.02407929e+04 1.59948212e+05
 2.02499639e+04 1.67567172e+05
 2.02591349e+04 1.56103847e+05
 2.02683060e+04 1.29114555e+05
 2.02774770e+04 1.12454744e+05
 2.02866480e+04 1.13410560e+05
 2.02958190e+04 1.26855688e+05
 2.03049901e+04 1.40237322e+05
 2.03141611e+04 1.45778571e+05
 2.03233321e+04 1.49422052e+05
 2.03325031e+04 1.55040833e+05
 2.03416741e+04 1.52030080e+05
 2.03508452e+04 1.45492137e+05
 2.03600162e+04 1.41518785e+05
 2.03691872e+04 1.45160390e+05
 2.03783582e+04 1.57202093e+05
 2.03875293e+04 1.69206717e+05
 2.03967003e+04 1.67541502e+05
 2.04058713e+04 1.69833322e+05
 2.04150423e+04 1.59607949e+05
 2.04242134e+04 1.53527678e+05
 2.04333844e+04 1.46977956e+05
 2.04425554e+04 1.42837422e+05
 2.04517264e+04 1.46706763e+05
 2.04608974e+04 1.52990453e+05
 2.04700685e+04 1.41315065e+05
 2.04792395e+04 1.22405757e+05
 2.04884105e+04 1.03764925e+05
 2.04975815e+04 9.82096441e+04
 2.05067526e+04 9.15549248e+04
 2.05159236e+04 8.91794565e+04
 2.05250946e+04 9.47572636e+04
 2.05342656e+04 1.04388543e+05
 2.05434366e+04 1.13350939e+05
 2.05526077e+04 1.14750725e+05
 2.05617787e+04 1.06290601e+05
 2.05709497e+04 9.94212592e+04
 2.05801207e+04 9.93413138e+04
 2.05892918e+04 9.98760935e+04
 2.05984628e+04 9.32887265e+04
 2.06076338e+04 8.02796278e+04
 2.06168048e+04 7.37369827e+04
 2.06259759e+04 8.02533988e+04
 2.06351469e+04 8.72221573e+04
 2.06443179e+04 1.02060729e+05
 2.06534889e+04 1.17568904e+05
 2.06626599e+04 1.27895910e+05
 2.06718310e+04 1.28904048e+05
 2.06810020e+04 1.22234371e+05
 2.06901730e+04 1.21899532e+05
 2.06993440e+04 1.23201066e+05
 2.07085151e+04 1.28441343e+05
 2.07176861e+04 1.19971718e+05
 2.07268571e+04 1.03745861e+05
 2.07360281e+04 9.55293877e+04
 2.07451991e+04 9.74305937e+04
 2.07543702e+04 9.53758037e+04
 2.07635412e+04 9.34410330e+04
 2.07727122e+04 9.64581384e+04
 2.07818832e+04 8.95156046e+04
 2.07910543e+04 8.78359102e+04
 2.08002253e+04 8.16477762e+04
 2.08093963e+04 7.27167637e+04
 2.08185673e+04 6.77163048e+04
 2.08277384e+04 6.32870990e+04
 2.08369094e+04 6.22405688e+04
 2.08460804e+04 7.91561188e+04
 2.08552514e+04 1.01329769e+05
 2.08644224e+04 1.15489802e+05
 2.08735935e+04 1.25614549e+05
 2.08827645e+04 1.31408175e+05
 2.08919355e+04 1.26392907e+05
 2.09011065e+04 1.11566013e+05
 2.09102776e+04 9.52950080e+04
 2.09194486e+04 1.01647771e+05
 2.09286196e+04 1.08967891e+05
 2.09377906e+04 1.10479640e+05
 2.09469616e+04 1.17755505e+05
 2.09561327e+04 1.30922740e+05
 2.09653037e+04 1.29504967e+05
 2.09744747e+04 1.06365851e+05
 2.09836457e+04 1.11488709e+05
 2.09928168e+04 1.09861678e+05
 2.10019878e+04 1.03857952e+05
 2.10111588e+04 8.89567143e+04
 2.10203298e+04 7.07515861e+04
 2.10295009e+04 6.15145515e+04
 2.10386719e+04 6.88365521e+04
 2.10478429e+04 9.46404584e+04
 2.10570139e+04 9.95368224e+04
 2.10661849e+04 9.63496332e+04
 2.10753560e+04 9.26261564e+04
 2.10845270e+04 8.76487697e+04
 2.10936980e+04 8.16243174e+04
 2.11028690e+04 7.76807387e+04
 2.11120401e+04 7.36615732e+04
 2.11212111e+04 7.63728067e+04
 2.11303821e+04 8.65606075e+04
 2.11395531e+04 9.26276740e+04
 2.11487241e+04 9.37096015e+04
 2.11578952e+04 9.26816966e+04
 2.11670662e+04 8.93031613e+04
 2.11762372e+04 7.86557965e+04
 2.11854082e+04 7.11490398e+04
 2.11945793e+04 6.49761812e+04
 2.12037503e+04 6.58699974e+04
 2.12129213e+04 6.11455502e+04
 2.12220923e+04 6.11052862e+04
 2.12312634e+04 6.47716585e+04
 2.12404344e+04 5.63891398e+04
 2.12496054e+04 5.19133933e+04
 2.12587764e+04 5.65922680e+04
 2.12679474e+04 5.54644953e+04
 2.12771185e+04 6.07174724e+04
 2.12862895e+04 6.45104931e+04
 2.12954605e+04 6.25491891e+04
 2.13046315e+04 5.78631004e+04
 2.13138026e+04 5.50378976e+04
 2.13229736e+04 6.48045353e+04
 2.13321446e+04 7.42097584e+04
 2.13413156e+04 6.80214752e+04
 2.13504866e+04 6.61461543e+04
 2.13596577e+04 6.69480717e+04
 2.13688287e+04 6.86460946e+04
 2.13779997e+04 8.27493414e+04
 2.13871707e+04 9.65001271e+04
 2.13963418e+04 9.21330397e+04
 2.14055128e+04 8.21288675e+04
 2.14146838e+04 7.90145394e+04
 2.14238548e+04 7.48227093e+04
 2.14330259e+04 6.65486230e+04
 2.14421969e+04 5.93386461e+04
 2.14513679e+04 4.70813933e+04
 2.14605389e+04 4.72699011e+04
 2.14697099e+04 3.43397652e+04
 2.14788810e+04 3.77082082e+04
 2.14880520e+04 5.33785785e+04
 2.14972230e+04 7.22833274e+04
 2.15063940e+04 8.66495671e+04
 2.15155651e+04 8.71868578e+04
 2.15247361e+04 6.09127002e+04
 2.15339071e+04 7.45208915e+04
 2.15430781e+04 5.61570132e+04
 2.15522491e+04 3.21380517e+04
 2.15614202e+04 2.01645538e+04
 2.15705912e+04 1.85684841e+04
 2.15797622e+04 1.71092463e+04
 2.15889332e+04 1.25403978e+04
 2.15981043e+04 2.43129800e+04
 2.16072753e+04 2.42962007e+04
 2.16164463e+04 3.00504421e+04
 2.16256173e+04 4.49163463e+04
 2.16347884e+04 5.96924029e+04
 2.16439594e+04 6.21860335e+04
 2.16531304e+04 4.96965835e+04
 2.16623014e+04 5.06579912e+04
 2.16714724e+04 7.19469051e+04
 2.16806435e+04 8.89977259e+04
 2.16898145e+04 8.63215214e+04
 2.16989855e+04 9.12095984e+04
 2.17081565e+04 1.29407710e+05
 2.17173276e+04 1.10611704e+05
 2.17264986e+04 1.11148829e+05
 2.17356696e+04 1.27469868e+05
 2.17448406e+04 7.03280730e+04
 2.17540116e+04 3.76560570e+03
 2.17631827e+04 -3.17221392e+04
 2.17723537e+04 -6.25955987e+04
 2.17815247e+04 -1.28461328e+05
 2.17906957e+04 -8.91127463e+04
 2.17998668e+04 -8.75706084e+04
 2.18090378e+04 -5.58596344e+04
 2.18182088e+04 4.88291608e+04
 2.18273798e+04 2.39545082e+05
 2.18365509e+04 4.43714523e+05
 2.18457219e+04 4.70407896e+05
 2.18548929e+04 3.72010595e+05
 2.18640639e+04 1.20426562e+05
 2.18732349e+04 3.01059268e+04
 2.18824060e+04 4.87593656e+04
 2.18915770e+04 8.42765415e+04
 2.19007480e+04 1.12768730e+05
 2.19099190e+04 1.92873782e+05
 2.19190901e+04 2.64225385e+05
 2.19282611e+04 2.37372222e+05
 2.19374321e+04 2.27279802e+05
 2.19466031e+04 2.14419288e+05
 2.19557741e+04 2.20757691e+05
 2.19649452e+04 2.68491727e+05
 2.19741162e+04 3.10767215e+05
 2.19832872e+04 3.23986360e+05
 2.19924582e+04 3.14965072e+05
 2.20016293e+04 2.10499190e+05
 2.20108003e+04 1.53742039e+05
 2.20199713e+04 1.64984573e+05
 2.20291423e+04 2.03129640e+05
 2.20383134e+04 2.82354342e+05
 2.20474844e+04 3.13552953e+05
 2.20566554e+04 3.66734601e+05
 2.20658264e+04 4.30873237e+05
 2.20749974e+04 4.59907401e+05
 2.20841685e+04 4.79044622e+05
 2.20933395e+04 5.35330373e+05
 2.21025105e+04 6.13194988e+05
 2.21116815e+04 5.42799471e+05
 2.21208526e+04 3.94776769e+05
 2.21300236e+04 3.08656920e+05
 2.21391946e+04 2.20759627e+05
 2.21483656e+04 1.28538924e+05
 2.21575366e+04 8.44868934e+04
 2.21667077e+04 1.28972288e+05
 2.21758787e+04 2.89277310e+05
 2.21850497e+04 3.76259298e+05
 2.21942207e+04 3.97284363e+05
 2.22033918e+04 4.14626882e+05
 2.22125628e+04 4.29027853e+05
 2.22217338e+04 3.95123813e+05
 2.22309048e+04 2.87326171e+05
 2.22400759e+04 2.29165049e+05
 2.22492469e+04 2.50929501e+05
 2.22584179e+04 3.23714788e+05
 2.22675889e+04 3.49473846e+05
 2.22767599e+04 3.63242719e+05
 2.22859310e+04 4.21705159e+05
 2.22951020e+04 3.85904498e+05
 2.23042730e+04 3.36126426e+05
 2.23134440e+04 3.33275705e+05
 2.23226151e+04 3.48891851e+05
 2.23317861e+04 3.07490701e+05
 2.23409571e+04 2.06490896e+05
 2.23501281e+04 1.21764735e+05
 2.23592991e+04 1.36996296e+05
 2.23684702e+04 1.81006333e+05
 2.23776412e+04 2.10897316e+05
 2.23868122e+04 2.55650844e+05
 2.23959832e+04 3.12944126e+05
 2.24051543e+04 3.79354006e+05
 2.24143253e+04 4.55026039e+05
 2.24234963e+04 5.22630166e+05
 2.24326673e+04 4.42907187e+05
 2.24418384e+04 3.27971201e+05
 2.24510094e+04 2.76290246e+05
 2.24601804e+04 3.19038885e+05
 2.24693514e+04 4.24450988e+05
 2.24785224e+04 5.21465937e+05
 2.24876935e+04 5.48559758e+05
 2.24968645e+04 5.71865609e+05
 2.25060355e+04 5.60298955e+05
 2.25152065e+04 5.32476748e+05
 2.25243776e+04 5.01772417e+05
 2.25335486e+04 4.85272361e+05
 2.25427196e+04 5.01570214e+05
 2.25518906e+04 4.86869820e+05
 2.25610616e+04 4.52595822e+05
 2.25702327e+04 4.29989976e+05
 2.25794037e+04 4.15165858e+05
 2.25885747e+04 3.94282363e+05
 2.25977457e+04 3.62854460e+05
 2.26069168e+04 3.41266935e+05
 2.26160878e+04 3.46000161e+05
 2.26252588e+04 3.77797815e+05
 2.26344298e+04 4.69784491e+05
 2.26436009e+04 5.07106514e+05
 2.26527719e+04 4.75202251e+05
 2.26619429e+04 4.57493253e+05
 2.26711139e+04 4.79511893e+05
 2.26802849e+04 4.60562612e+05
 2.26894560e+04 4.69226154e+05
 2.26986270e+04 4.74293520e+05
 2.27077980e+04 4.54154185e+05
 2.27169690e+04 4.62683496e+05
 2.27261401e+04 5.82570928e+05
 2.27353111e+04 6.41293968e+05
 2.27444821e+04 6.44739389e+05
 2.27536531e+04 6.08111545e+05
 2.27628241e+04 5.28217774e+05
 2.27719952e+04 4.52583265e+05
 2.27811662e+04 4.32068254e+05
 2.27903372e+04 4.67098896e+05
 2.27995082e+04 4.57755360e+05
 2.28086793e+04 5.17708625e+05
 2.28178503e+04 6.07585726e+05
 2.28270213e+04 6.28112002e+05
 2.28361923e+04 5.98418181e+05
 2.28453634e+04 5.96932984e+05
 2.28545344e+04 5.90140296e+05
 2.28637054e+04 5.45995579e+05
 2.28728764e+04 4.40477107e+05
 2.28820474e+04 3.24354479e+05
 2.28912185e+04 2.38586345e+05
 2.29003895e+04 2.10966987e+05
 2.29095605e+04 2.54676449e+05
 2.29187315e+04 3.75330826e+05
 2.29279026e+04 4.42020804e+05
 2.29370736e+04 4.49090165e+05
 2.29462446e+04 3.61051378e+05
 2.29554156e+04 2.13193319e+05
 2.29645866e+04 9.24971248e+04
 2.29737577e+04 9.04884523e+04
 2.29829287e+04 1.52093838e+05
 2.29920997e+04 1.64819666e+05
 2.30012707e+04 1.72722178e+05
 2.30104418e+04 1.81261207e+05
 2.30196128e+04 1.94415634e+05
 2.30287838e+04 2.24118991e+05
 2.30379548e+04 2.90256038e+05
 2.30471259e+04 3.27602891e+05
 2.30562969e+04 2.57802863e+05
 2.30654679e+04 1.74168595e+05
 2.30746389e+04 1.14607665e+05
 2.30838099e+04 8.75268520e+04
 2.30929810e+04 9.94804067e+04
 2.31021520e+04 1.72593963e+05
 2.31113230e+04 1.23195686e+05
 2.31204940e+04 9.72043359e+04
 2.31296651e+04 -2.06139575e+05
 2.31388361e+04 -3.62741566e+05
 2.31480071e+04 1.77651931e+05
 2.31571781e+04 7.18045427e+05
