 9.13355674e+01 9.05331582e+06
 9.18322267e+01 6.00475117e+07
 9.23288859e+01 6.70052425e+07
 9.28255452e+01 8.77342361e+07
 9.33222044e+01 1.03851295e+08
 9.38188637e+01 1.03523716e+08
 9.43155229e+01 9.39926564e+07
 9.48121822e+01 9.21831198e+07
 9.53088414e+01 9.12092982e+07
 9.58055007e+01 9.66730534e+07
 9.63021599e+01 8.69606083e+07
 9.67988192e+01 7.33517927e+07
 9.72954784e+01 7.90084424e+07
 9.77921377e+01 7.87002419e+07
 9.82887969e+01 7.21921757e+07
 9.87854562e+01 6.33768779e+07
 9.92821154e+01 8.66796746e+07
 9.97787747e+01 1.16056497e+08
 1.00275434e+02 1.34855360e+08
 1.00772093e+02 1.35504234e+08
 1.01268752e+02 1.27118245e+08
 1.01765412e+02 1.28492831e+08
 1.02262071e+02 1.24700612e+08
 1.02758730e+02 1.10640995e+08
 1.03255389e+02 1.06084397e+08
 1.03752049e+02 1.14155975e+08
 1.04248708e+02 1.31769079e+08
 1.04745367e+02 1.47873381e+08
 1.05242026e+02 1.58617556e+08
 1.05738686e+02 1.67766571e+08
 1.06235345e+02 1.72129396e+08
 1.06732004e+02 1.68051797e+08
 1.07228663e+02 1.53000283e+08
 1.07725323e+02 1.38143466e+08
 1.08221982e+02 1.36916940e+08
 1.08718641e+02 1.39277623e+08
 1.09215300e+02 1.49431116e+08
 1.09711960e+02 1.62983738e+08
 1.10208619e+02 1.66753865e+08
 1.10705278e+02 1.76311053e+08
 1.11201937e+02 1.74871146e+08
 1.11698597e+02 1.64742705e+08
 1.12195256e+02 1.63684874e+08
 1.12691915e+02 1.68339667e+08
 1.13188574e+02 1.69083575e+08
 1.13685234e+02 1.72724088e+08
 1.14181893e+02 1.71614231e+08
 1.14678552e+02 1.56106219e+08
 1.15175211e+02 1.41635560e+08
 1.15671871e+02 1.33918021e+08
 1.16168530e+02 1.27560536e+08
 1.16665189e+02 1.27648557e+08
 1.17161848e+02 1.33973567e+08
 1.17658508e+02 1.42430075e+08
 1.18155167e+02 1.60010106e+08
 1.18651826e+02 1.61945634e+08
 1.19148485e+02 1.45542941e+08
 1.19645145e+02 1.37628268e+08
 1.20141804e+02 1.36709751e+08
 1.20638463e+02 1.45965654e+08
 1.21135122e+02 1.64097994e+08
 1.21631782e+02 1.82309337e+08
 1.22128441e+02 1.81450869e+08
 1.22625100e+02 1.67595938e+08
 1.23121759e+02 1.54773017e+08
 1.23618419e+02 1.47709998e+08
 1.24115078e+02 1.38813392e+08
 1.24611737e+02 1.24909084e+08
 1.25108396e+02 1.19884692e+08
 1.25605056e+02 1.25544117e+08
 1.26101715e+02 1.37453946e+08
 1.26598374e+02 1.40023663e+08
 1.27095033e+02 1.54091476e+08
 1.27591693e+02 1.50937859e+08
 1.28088352e+02 1.28377425e+08
 1.28585011e+02 1.14031985e+08
 1.29081670e+02 1.16950357e+08
 1.29578330e+02 1.22945985e+08
 1.30074989e+02 1.22906893e+08
 1.30571648e+02 1.28414167e+08
 1.31068307e+02 1.30622844e+08
 1.31564967e+02 1.28218122e+08
 1.32061626e+02 1.29613704e+08
 1.32558285e+02 1.30928162e+08
 1.33054944e+02 1.27651029e+08
 1.33551604e+02 1.17872477e+08
 1.34048263e+02 1.06802567e+08
 1.34544922e+02 1.07916276e+08
 1.35041581e+02 1.29623387e+08
 1.35538241e+02 1.28943617e+08
 1.36034900e+02 1.11048229e+08
 1.36531559e+02 8.89572971e+07
 1.37028218e+02 7.48936744e+07
 1.37524878e+02 7.55489972e+07
 1.38021537e+02 8.88164372e+07
 1.38518196e+02 1.00214222e+08
 1.39014855e+02 1.15354530e+08
 1.39511515e+02 1.26868624e+08
 1.40008174e+02 1.32537548e+08
 1.40504833e+02 1.29807655e+08
 1.41001492e+02 1.19801549e+08
 1.41498152e+02 1.08903237e+08
 1.41994811e+02 1.01448745e+08
 1.42491470e+02 9.95268386e+07
 1.42988129e+02 9.85228504e+07
 1.43484789e+02 9.80528079e+07
 1.43981448e+02 9.37441826e+07
 1.44478107e+02 7.82189751e+07
 1.44974766e+02 5.53700510e+07
 1.45471426e+02 4.06719221e+07
 1.45968085e+02 3.40243326e+07
 1.46464744e+02 3.02858289e+07
 1.46961403e+02 2.67298846e+07
 1.47458063e+02 2.50775430e+07
 1.47954722e+02 1.33541674e+07
 1.48451381e+02 1.81664093e+06
 1.48948040e+02 -3.58455085e+06
 1.49444700e+02 -2.33775639e+06
 1.49941359e+02 1.76507687e+06
 1.50438018e+02 -3.34627621e+06
 1.50934677e+02 8.11456220e+06
 1.51431337e+02 9.18215688e+06
 1.51927996e+02 4.86883359e+06
 1.52424655e+02 2.32643656e+06
 1.52921314e+02 -7.80162420e+05
 1.53417974e+02 -2.15860546e+06
 1.53914633e+02 -4.95076060e+06
 1.54411292e+02 -1.02992022e+07
 1.54907951e+02 -1.74024743e+07
 1.55404611e+02 -2.05410665e+07
 1.55901270e+02 -2.07862397e+07
 1.56397929e+02 -1.51392525e+07
 1.56894588e+02 -9.16066555e+06
 1.57391248e+02 -8.61305491e+06
 1.57887907e+02 -1.32807010e+07
 1.58384566e+02 -2.73542189e+07
 1.58881225e+02 -4.20539252e+07
 1.59377885e+02 -5.15369816e+07
 1.59874544e+02 -5.00338142e+07
 1.60371203e+02 -4.50858297e+07
 1.60867862e+02 -4.25130050e+07
 1.61364522e+02 -4.12478797e+07
 1.61861181e+02 -4.06579034e+07
 1.62357840e+02 -4.17239982e+07
 1.62854499e+02 -4.04938492e+07
 1.63351159e+02 -3.96332485e+07
 1.63847818e+02 -3.73804044e+07
 1.64344477e+02 -2.81910534e+07
 1.64841136e+02 -2.06044944e+07
 1.65337796e+02 -1.55172806e+07
 1.65834455e+02 -1.18477329e+07
 1.66331114e+02 -8.11992283e+06
 1.66827773e+02 -5.20096633e+06
 1.67324433e+02 -5.90777393e+06
 1.67821092e+02 -8.09319721e+06
 1.68317751e+02 -9.64657764e+06
 1.68814410e+02 -4.95898169e+06
 1.69311070e+02 -2.03748172e+06
 1.69807729e+02 -2.82835423e+06
 1.70304388e+02 -8.44964458e+06
 1.70801047e+02 -1.36869402e+07
 1.71297707e+02 -9.31981264e+06
 1.71794366e+02 -2.97476377e+06
 1.72291025e+02 2.62410739e+04
 1.72787684e+02 -2.78964044e+06
 1.73284344e+02 -8.89571399e+06
 1.73781003e+02 -1.49109952e+07
 1.74277662e+02 -1.78036706e+07
 1.74774321e+02 -1.76896645e+07
 1.75270981e+02 -1.96318853e+07
 1.75767640e+02 -1.85263247e+07
 1.76264299e+02 -6.04719752e+06
 1.76760958e+02 -9.25103886e+06
 1.77257617e+02 -1.35052798e+07
 1.77754277e+02 -1.63164303e+07
 1.78250936e+02 -1.43008180e+07
 1.78747595e+02 -1.13906361e+07
 1.79244254e+02 -1.18665809e+07
 1.79740914e+02 -1.65999934e+07
 1.80237573e+02 -1.46612600e+07
 1.80734232e+02 -6.60969773e+06
 1.81230891e+02 2.43769679e+06
 1.81727551e+02 6.90788840e+06
 1.82224210e+02 1.17914196e+07
 1.82720869e+02 1.43772207e+07
 1.83217528e+02 1.45063218e+07
 1.83714188e+02 1.26778878e+07
 1.84210847e+02 1.50885816e+07
 1.84707506e+02 1.87250539e+07
 1.85204165e+02 2.16503538e+07
 1.85700825e+02 1.25911561e+07
 1.86197484e+02 2.61275393e+06
 1.86694143e+02 -6.74809503e+06
 1.87190802e+02 -1.14039079e+07
 1.87687462e+02 -1.41197309e+07
 1.88184121e+02 -1.21644848e+07
 1.88680780e+02 -6.13169377e+05
 1.89177439e+02 1.19015088e+07
 1.89674099e+02 1.71502313e+07
 1.90170758e+02 1.32523010e+07
 1.90667417e+02 1.15057422e+07
 1.91164076e+02 1.07879019e+07
 1.91660736e+02 1.19398538e+07
 1.92157395e+02 1.90766936e+07
 1.92654054e+02 2.49251768e+07
 1.93150713e+02 2.88415052e+07
 1.93647373e+02 2.92314778e+07
 1.94144032e+02 3.37261753e+07
 1.94640691e+02 3.93576175e+07
 1.95137350e+02 4.55997754e+07
 1.95634010e+02 4.16156076e+07
 1.96130669e+02 3.55198889e+07
 1.96627328e+02 2.85938878e+07
 1.97123987e+02 3.44765171e+07
 1.97620647e+02 4.45294911e+07
 1.98117306e+02 5.70048761e+07
 1.98613965e+02 6.74794854e+07
 1.99110624e+02 7.61391764e+07
 1.99607284e+02 8.23990826e+07
 2.00103943e+02 8.29977609e+07
 2.00600602e+02 8.03225680e+07
 2.01097261e+02 7.80236496e+07
 2.01593921e+02 7.96839618e+07
 2.02090580e+02 8.07427315e+07
 2.02587239e+02 7.74342458e+07
 2.03083898e+02 6.51796206e+07
 2.03580558e+02 5.87828949e+07
 2.04077217e+02 5.35805629e+07
 2.04573876e+02 4.85036237e+07
 2.05070535e+02 4.41602529e+07
 2.05567195e+02 4.02385979e+07
 2.06063854e+02 3.68302863e+07
 2.06560513e+02 3.07544451e+07
 2.07057172e+02 2.65438246e+07
 2.07553832e+02 2.59002861e+07
 2.08050491e+02 3.55586845e+07
 2.08547150e+02 4.45620347e+07
 2.09043809e+02 5.02846395e+07
 2.09540469e+02 4.89329732e+07
 2.10037128e+02 4.66275402e+07
 2.10533787e+02 4.44485788e+07
 2.11030446e+02 4.33014872e+07
 2.11527106e+02 3.92387658e+07
 2.12023765e+02 2.90055789e+07
 2.12520424e+02 2.88595984e+07
 2.13017083e+02 3.24229982e+07
 2.13513743e+02 3.94170930e+07
 2.14010402e+02 4.64472182e+07
 2.14507061e+02 5.30480481e+07
 2.15003720e+02 5.82378040e+07
 2.15500380e+02 5.60413152e+07
 2.15997039e+02 5.02326284e+07
 2.16493698e+02 4.18306840e+07
 2.16990357e+02 4.02714740e+07
 2.17487017e+02 4.35698683e+07
 2.17983676e+02 5.56638842e+07
 2.18480335e+02 6.43568967e+07
 2.18976994e+02 7.02258522e+07
 2.19473654e+02 6.33211558e+07
 2.19970313e+02 6.17996938e+07
 2.20466972e+02 6.69422191e+07
 2.20963631e+02 7.28348207e+07
 2.21460291e+02 7.92027130e+07
 2.21956950e+02 8.63320470e+07
 2.22453609e+02 9.16061174e+07
 2.22950268e+02 9.67817328e+07
 2.23446928e+02 1.03576802e+08
 2.23943587e+02 1.04850917e+08
 2.24440246e+02 1.03010698e+08
 2.24936905e+02 1.00116893e+08
 2.25433565e+02 9.72269817e+07
 2.25930224e+02 9.43409186e+07
 2.26426883e+02 8.97294614e+07
 2.26923542e+02 8.67261087e+07
 2.27420202e+02 8.69961855e+07
 2.27916861e+02 8.81648155e+07
 2.28413520e+02 9.06355212e+07
 2.28910179e+02 9.77945192e+07
 2.29406839e+02 1.05760777e+08
 2.29903498e+02 1.14286015e+08
 2.30400157e+02 1.14364067e+08
 2.30896816e+02 1.11922390e+08
 2.31393476e+02 1.05775362e+08
 2.31890135e+02 9.72974282e+07
 2.32386794e+02 8.82613250e+07
 2.32883453e+02 7.92397615e+07
 2.33380113e+02 7.21064904e+07
 2.33876772e+02 6.62323977e+07
 2.34373431e+02 6.17343738e+07
 2.34870090e+02 5.82251245e+07
 2.35366750e+02 5.63014464e+07
 2.35863409e+02 5.60707934e+07
 2.36360068e+02 5.68872526e+07
 2.36856727e+02 6.07204217e+07
 2.37353387e+02 6.46844104e+07
 2.37850046e+02 6.87642751e+07
 2.38346705e+02 7.07445888e+07
 2.38843364e+02 7.37569316e+07
 2.39340024e+02 7.99710287e+07
 2.39836683e+02 8.37105193e+07
 2.40333342e+02 8.60023913e+07
 2.40830001e+02 8.17468417e+07
 2.41326661e+02 7.89446483e+07
 2.41823320e+02 7.84943240e+07
 2.42319979e+02 8.46085272e+07
 2.42816638e+02 9.28788363e+07
 2.43313298e+02 1.00106304e+08
 2.43809957e+02 1.02514531e+08
 2.44306616e+02 9.91540891e+07
 2.44803275e+02 9.25376146e+07
 2.45299935e+02 8.53277379e+07
 2.45796594e+02 7.91391894e+07
 2.46293253e+02 7.32425082e+07
 2.46789912e+02 6.76376024e+07
 2.47286572e+02 6.86935388e+07
 2.47783231e+02 6.99453362e+07
 2.48279890e+02 6.64304715e+07
 2.48776549e+02 6.04041223e+07
 2.49273209e+02 5.20285024e+07
 2.49769868e+02 5.05932939e+07
 2.50266527e+02 5.09416545e+07
 2.50763186e+02 5.38257367e+07
 2.51259846e+02 5.92133127e+07
 2.51756505e+02 6.70548703e+07
 2.52253164e+02 7.84844702e+07
 2.52749823e+02 8.93348151e+07
 2.53246483e+02 9.25729058e+07
 2.53743142e+02 9.13000673e+07
 2.54239801e+02 8.48374068e+07
 2.54736460e+02 8.01813404e+07
 2.55233120e+02 7.67978016e+07
 2.55729779e+02 8.11563546e+07
 2.56226438e+02 8.28519972e+07
 2.56723097e+02 8.04985117e+07
 2.57219757e+02 7.92962065e+07
 2.57716416e+02 7.85844130e+07
 2.58213075e+02 7.76709880e+07
 2.58709734e+02 7.85450973e+07
 2.59206394e+02 8.35864445e+07
 2.59703053e+02 8.67755241e+07
 2.60199712e+02 8.87040864e+07
 2.60696371e+02 8.51478875e+07
 2.61193031e+02 8.06068504e+07
 2.61689690e+02 7.47277264e+07
 2.62186349e+02 7.23116752e+07
 2.62683008e+02 7.39478213e+07
 2.63179668e+02 7.63681826e+07
 2.63676327e+02 7.90353798e+07
 2.64172986e+02 8.06372476e+07
 2.64669645e+02 8.01803833e+07
 2.65166305e+02 7.48805729e+07
 2.65662964e+02 7.34835567e+07
 2.66159623e+02 7.50166325e+07
 2.66656282e+02 8.55468714e+07
 2.67152942e+02 9.72651874e+07
 2.67649601e+02 1.04717960e+08
 2.68146260e+02 1.09232313e+08
 2.68642919e+02 1.08764674e+08
 2.69139579e+02 1.10652420e+08
 2.69636238e+02 1.13915666e+08
 2.70132897e+02 1.17390551e+08
 2.70629556e+02 1.19864582e+08
 2.71126216e+02 1.16159206e+08
 2.71622875e+02 1.14941602e+08
 2.72119534e+02 1.17558811e+08
 2.72616193e+02 1.19558643e+08
 2.73112853e+02 1.21213079e+08
 2.73609512e+02 1.17187585e+08
 2.74106171e+02 1.13718850e+08
 2.74602830e+02 1.19075645e+08
 2.75099490e+02 1.24546430e+08
 2.75596149e+02 1.30214882e+08
 2.76092808e+02 1.34336465e+08
 2.76589467e+02 1.37431007e+08
 2.77086127e+02 1.35232311e+08
 2.77582786e+02 1.32229337e+08
 2.78079445e+02 1.33103193e+08
 2.78576104e+02 1.32964279e+08
 2.79072764e+02 1.30319684e+08
 2.79569423e+02 1.28996038e+08
 2.80066082e+02 1.28938855e+08
 2.80562741e+02 1.28765685e+08
 2.81059401e+02 1.28549633e+08
 2.81556060e+02 1.27522692e+08
 2.82052719e+02 1.26214170e+08
 2.82549378e+02 1.23665893e+08
 2.83046038e+02 1.23385882e+08
 2.83542697e+02 1.26969505e+08
 2.84039356e+02 1.30826017e+08
 2.84536015e+02 1.34882648e+08
 2.85032675e+02 1.41072248e+08
 2.85529334e+02 1.47860663e+08
 2.86025993e+02 1.55157563e+08
 2.86522652e+02 1.61230207e+08
 2.87019312e+02 1.61649457e+08
 2.87515971e+02 1.59351271e+08
 2.88012630e+02 1.52497280e+08
 2.88509289e+02 1.49227638e+08
 2.89005949e+02 1.48718045e+08
 2.89502608e+02 1.47237014e+08
 2.89999267e+02 1.45437623e+08
 2.90495926e+02 1.54861174e+08
 2.90992586e+02 1.64788017e+08
 2.91489245e+02 1.72991971e+08
 2.91985904e+02 1.81631266e+08
 2.92482563e+02 1.91291191e+08
 2.92979223e+02 1.96924676e+08
 2.93475882e+02 1.98102235e+08
 2.93972541e+02 1.97409931e+08
 2.94469200e+02 1.95698475e+08
 2.94965860e+02 1.87374929e+08
 2.95462519e+02 1.77566866e+08
 2.95959178e+02 1.76198094e+08
 2.96455837e+02 1.74896769e+08
 2.96952496e+02 1.73133314e+08
 2.97449156e+02 1.68656933e+08
 2.97945815e+02 1.58031073e+08
 2.98442474e+02 1.50990034e+08
 2.98939133e+02 1.48106584e+08
 2.99435793e+02 1.51571695e+08
 2.99932452e+02 1.58981389e+08
 3.00429111e+02 1.69018701e+08
 3.00925770e+02 1.79852398e+08
 3.01422430e+02 1.80308978e+08
 3.01919089e+02 1.79560039e+08
 3.02415748e+02 1.74995675e+08
 3.02912407e+02 1.70422676e+08
 3.03409067e+02 1.65815258e+08
 3.03905726e+02 1.60888196e+08
 3.04402385e+02 1.55336922e+08
 3.04899044e+02 1.54057852e+08
 3.05395704e+02 1.57526350e+08
 3.05892363e+02 1.64221724e+08
 3.06389022e+02 1.73019404e+08
 3.06885681e+02 1.76348487e+08
 3.07382341e+02 1.77698246e+08
 3.07879000e+02 1.73538346e+08
 3.08375659e+02 1.68480416e+08
 3.08872318e+02 1.64115286e+08
 3.09368978e+02 1.59896602e+08
 3.09865637e+02 1.56861616e+08
 3.10362296e+02 1.54586594e+08
 3.10858955e+02 1.55039175e+08
 3.11355615e+02 1.56340813e+08
 3.11852274e+02 1.59358482e+08
 3.12348933e+02 1.63171683e+08
 3.12845592e+02 1.67993377e+08
 3.13342252e+02 1.73728299e+08
 3.13838911e+02 1.80217011e+08
 3.14335570e+02 1.83080320e+08
 3.14832229e+02 1.84004686e+08
 3.15328889e+02 1.85718374e+08
 3.15825548e+02 1.87692182e+08
 3.16322207e+02 1.81682291e+08
 3.16818866e+02 1.74259138e+08
 3.17315526e+02 1.68415081e+08
 3.17812185e+02 1.62862335e+08
 3.18308844e+02 1.62729408e+08
 3.18805503e+02 1.63542351e+08
 3.19302163e+02 1.71083158e+08
 3.19798822e+02 1.78550688e+08
 3.20295481e+02 1.85739588e+08
 3.20792140e+02 1.91381140e+08
 3.21288800e+02 1.93235757e+08
 3.21785459e+02 1.93609509e+08
 3.22282118e+02 1.91448741e+08
 3.22778777e+02 1.89877184e+08
 3.23275437e+02 1.89042284e+08
 3.23772096e+02 1.88945664e+08
 3.24268755e+02 1.89539128e+08
 3.24765414e+02 1.94110043e+08
 3.25262074e+02 2.01488383e+08
 3.25758733e+02 2.11112052e+08
 3.26255392e+02 2.21931762e+08
 3.26752051e+02 2.24597983e+08
 3.27248711e+02 2.24023113e+08
 3.27745370e+02 2.18312951e+08
 3.28242029e+02 2.11116534e+08
 3.28738688e+02 2.09299785e+08
 3.29235348e+02 2.08566169e+08
 3.29732007e+02 2.10484383e+08
 3.30228666e+02 2.12743312e+08
 3.30725325e+02 2.12914216e+08
 3.31221985e+02 2.12944170e+08
 3.31718644e+02 2.10478570e+08
 3.32215303e+02 2.07981452e+08
 3.32711962e+02 2.05768746e+08
 3.33208622e+02 2.03948793e+08
 3.33705281e+02 2.07355309e+08
 3.34201940e+02 2.10902607e+08
 3.34698599e+02 2.15612292e+08
 3.35195259e+02 2.21110979e+08
 3.35691918e+02 2.31336404e+08
 3.36188577e+02 2.40931243e+08
 3.36685236e+02 2.47552093e+08
 3.37181896e+02 2.53495203e+08
 3.37678555e+02 2.56789174e+08
 3.38175214e+02 2.60240035e+08
 3.38671873e+02 2.64218001e+08
 3.39168533e+02 2.65938777e+08
 3.39665192e+02 2.60956420e+08
 3.40161851e+02 2.55373382e+08
 3.40658510e+02 2.48177167e+08
 3.41155170e+02 2.42138706e+08
 3.41651829e+02 2.38967687e+08
 3.42148488e+02 2.37469209e+08
 3.42645147e+02 2.39858352e+08
 3.43141807e+02 2.42610655e+08
 3.43638466e+02 2.46168001e+08
 3.44135125e+02 2.49796613e+08
 3.44631784e+02 2.53578195e+08
 3.45128444e+02 2.58880860e+08
 3.45625103e+02 2.67391542e+08
 3.46121762e+02 2.74467117e+08
 3.46618421e+02 2.78525827e+08
 3.47115081e+02 2.82475959e+08
 3.47611740e+02 2.86195308e+08
 3.48108399e+02 2.88271187e+08
 3.48605058e+02 2.86763585e+08
 3.49101718e+02 2.84687872e+08
 3.49598377e+02 2.81322373e+08
 3.50095036e+02 2.78523283e+08
 3.50591695e+02 2.77084184e+08
 3.51088355e+02 2.74593717e+08
 3.51585014e+02 2.69388326e+08
 3.52081673e+02 2.65677527e+08
 3.52578332e+02 2.66194960e+08
 3.53074992e+02 2.67196009e+08
 3.53571651e+02 2.69728008e+08
 3.54068310e+02 2.73128328e+08
 3.54564969e+02 2.79683321e+08
 3.55061629e+02 2.86039273e+08
 3.55558288e+02 2.91538375e+08
 3.56054947e+02 2.96505829e+08
 3.56551606e+02 2.98641250e+08
 3.57048266e+02 3.01250538e+08
 3.57544925e+02 3.07192376e+08
 3.58041584e+02 3.13078830e+08
 3.58538243e+02 3.18389973e+08
 3.59034903e+02 3.23539319e+08
 3.59531562e+02 3.25481221e+08
 3.60028221e+02 3.27418023e+08
 3.60524880e+02 3.28362814e+08
 3.61021540e+02 3.29307605e+08
 3.61518199e+02 3.28155296e+08
 3.62014858e+02 3.26913551e+08
 3.62511517e+02 3.25691833e+08
 3.63008177e+02 3.24472096e+08
 3.63504836e+02 3.26180833e+08
 3.64001495e+02 3.28375352e+08
 3.64498154e+02 3.33702719e+08
 3.64994814e+02 3.39801773e+08
 3.65491473e+02 3.41394296e+08
 3.65988132e+02 3.41435296e+08
 3.66484791e+02 3.40986362e+08
 3.66981451e+02 3.40309309e+08
 3.67478110e+02 3.44498768e+08
 3.67974769e+02 3.51701253e+08
 3.68471428e+02 3.59156921e+08
 3.68968088e+02 3.66819900e+08
 3.69464747e+02 3.71786779e+08
 3.69961406e+02 3.73819871e+08
 3.70458065e+02 3.74067909e+08
 3.70954725e+02 3.71691959e+08
 3.71451384e+02 3.71459577e+08
 3.71948043e+02 3.75624422e+08
 3.72444702e+02 3.79862262e+08
 3.72941362e+02 3.84322068e+08
 3.73438021e+02 3.87820229e+08
 3.73934680e+02 3.86420371e+08
 3.74431339e+02 3.84863855e+08
 3.74927999e+02 3.81446322e+08
 3.75424658e+02 3.78028789e+08
 3.75921317e+02 3.80820020e+08
 3.76417976e+02 3.83686263e+08
 3.76914636e+02 3.88698294e+08
 3.77411295e+02 3.93961067e+08
 3.77907954e+02 4.01980708e+08
 3.78404613e+02 4.10691402e+08
 3.78901273e+02 4.15923458e+08
 3.79397932e+02 4.19669393e+08
 3.79894591e+02 4.25516229e+08
 3.80391250e+02 4.32771562e+08
 3.80887910e+02 4.37478190e+08
 3.81384569e+02 4.39569231e+08
 3.81881228e+02 4.40515597e+08
 3.82377887e+02 4.39635702e+08
 3.82874547e+02 4.39292364e+08
 3.83371206e+02 4.40371058e+08
 3.83867865e+02 4.40282787e+08
 3.84364524e+02 4.34045145e+08
 3.84861184e+02 4.28068425e+08
 3.85357843e+02 4.28051320e+08
 3.85854502e+02 4.28034215e+08
 3.86351161e+02 4.36816339e+08
 3.86847821e+02 4.46350308e+08
 3.87344480e+02 4.53317692e+08
 3.87841139e+02 4.59633419e+08
 3.88337798e+02 4.64985265e+08
 3.88834458e+02 4.69863724e+08
 3.89331117e+02 4.72104703e+08
 3.89827776e+02 4.72104822e+08
 3.90324435e+02 4.72168381e+08
 3.90821095e+02 4.72324156e+08
 3.91317754e+02 4.73969882e+08
 3.91814413e+02 4.79616212e+08
 3.92311072e+02 4.84404596e+08
 3.92807732e+02 4.83554552e+08
 3.93304391e+02 4.82704509e+08
 3.93801050e+02 4.77242215e+08
 3.94297709e+02 4.71731729e+08
 3.94794369e+02 4.73118882e+08
 3.95291028e+02 4.75779523e+08
 3.95787687e+02 4.79038957e+08
 3.96284346e+02 4.82560513e+08
 3.96781006e+02 4.87298897e+08
 3.97277665e+02 4.93058044e+08
 3.97774324e+02 4.97901590e+08
 3.98270983e+02 5.01306924e+08
 3.98767643e+02 5.03543295e+08
 3.99264302e+02 5.01889452e+08
 3.99760961e+02 4.99716923e+08
 4.00257620e+02 4.90655956e+08
 4.00754280e+02 4.81594989e+08
 4.01250939e+02 4.77708216e+08
 4.01747598e+02 4.74358977e+08
 4.02244257e+02 4.73753830e+08
 4.02740917e+02 4.74119600e+08
 4.03237576e+02 4.77669999e+08
 4.03734235e+02 4.83639473e+08
 4.04230894e+02 4.89421012e+08
 4.04727554e+02 4.94914538e+08
 4.05224213e+02 5.00088839e+08
 4.05720872e+02 5.04120149e+08
 4.06217531e+02 5.07967152e+08
 4.06714191e+02 5.07231898e+08
 4.07210850e+02 5.06496643e+08
 4.07707509e+02 5.06290382e+08
 4.08204168e+02 5.06173170e+08
 4.08700828e+02 5.09800667e+08
 4.09197487e+02 5.15272049e+08
 4.09694146e+02 5.21695287e+08
 4.10190805e+02 5.29145133e+08
 4.10687465e+02 5.34497532e+08
 4.11184124e+02 5.34691118e+08
 4.11680783e+02 5.34579184e+08
 4.12177442e+02 5.31519000e+08
 4.12674102e+02 5.28458815e+08
 4.13170761e+02 5.33171114e+08
 4.13667420e+02 5.38789056e+08
 4.14164079e+02 5.46100160e+08
 4.14660739e+02 5.54156820e+08
 4.15157398e+02 5.60215341e+08
 4.15654057e+02 5.64192726e+08
 4.16150716e+02 5.67327118e+08
 4.16647376e+02 5.68318028e+08
 4.17144035e+02 5.68996595e+08
 4.17640694e+02 5.65626030e+08
 4.18137353e+02 5.62255464e+08
 4.18634012e+02 5.56137734e+08
 4.19130672e+02 5.49564817e+08
 4.19627331e+02 5.45833163e+08
 4.20123990e+02 5.43692761e+08
 4.20620649e+02 5.45285012e+08
 4.21117309e+02 5.52009683e+08
 4.21613968e+02 5.58136828e+08
 4.22110627e+02 5.61843690e+08
 4.22607286e+02 5.65550552e+08
 4.23103946e+02 5.68401439e+08
 4.23600605e+02 5.71227532e+08
 4.24097264e+02 5.76384542e+08
 4.24593923e+02 5.82349481e+08
 4.25090583e+02 5.88115930e+08
 4.25587242e+02 5.93691872e+08
 4.26083901e+02 5.98323628e+08
 4.26580560e+02 6.00463864e+08
 4.27077220e+02 6.02594165e+08
 4.27573879e+02 6.04460539e+08
 4.28070538e+02 6.06326913e+08
 4.28567197e+02 6.03837682e+08
 4.29063857e+02 6.00222822e+08
 4.29560516e+02 5.98097345e+08
 4.30057175e+02 5.97190914e+08
 4.30553834e+02 5.96762593e+08
 4.31050494e+02 5.97438906e+08
 4.31547153e+02 5.98178125e+08
 4.32043812e+02 6.00084236e+08
 4.32540471e+02 6.01990347e+08
 4.33037131e+02 6.01372683e+08
 4.33533790e+02 6.00112722e+08
 4.34030449e+02 5.99482694e+08
 4.34527108e+02 5.99389242e+08
 4.35023768e+02 5.99747517e+08
 4.35520427e+02 6.01268510e+08
 4.36017086e+02 6.02803621e+08
 4.36513745e+02 6.05180481e+08
 4.37010405e+02 6.07557340e+08
 4.37507064e+02 6.11919528e+08
 4.38003723e+02 6.16943156e+08
 4.38500382e+02 6.19552272e+08
 4.38997042e+02 6.19551943e+08
 4.39493701e+02 6.19017099e+08
 4.39990360e+02 6.16447109e+08
 4.40487019e+02 6.13877119e+08
 4.40983679e+02 6.14997781e+08
 4.41480338e+02 6.16386334e+08
 4.41976997e+02 6.17719275e+08
 4.42473656e+02 6.19022736e+08
 4.42970316e+02 6.22552882e+08
 4.43466975e+02 6.29847247e+08
 4.43963634e+02 6.36650648e+08
 4.44460293e+02 6.38283113e+08
 4.44956953e+02 6.39915579e+08
 4.45453612e+02 6.39742646e+08
 4.45950271e+02 6.39114568e+08
 4.46446930e+02 6.40074235e+08
 4.46943590e+02 6.42574668e+08
 4.47440249e+02 6.44913365e+08
 4.47936908e+02 6.46655414e+08
 4.48433567e+02 6.48397464e+08
 4.48930227e+02 6.52352580e+08
 4.49426886e+02 6.56510818e+08
 4.49923545e+02 6.61958866e+08
 4.50420204e+02 6.68212626e+08
 4.50916864e+02 6.73079256e+08
 4.51413523e+02 6.74886957e+08
 4.51910182e+02 6.76665618e+08
 4.52406841e+02 6.73078771e+08
 4.52903501e+02 6.69491924e+08
 4.53400160e+02 6.66942318e+08
 4.53896819e+02 6.64846437e+08
 4.54393478e+02 6.63767846e+08
 4.54890138e+02 6.64328808e+08
 4.55386797e+02 6.65103475e+08
 4.55883456e+02 6.68853351e+08
 4.56380115e+02 6.72603228e+08
 4.56876775e+02 6.76571458e+08
 4.57373434e+02 6.80613233e+08
 4.57870093e+02 6.83787989e+08
 4.58366752e+02 6.85794434e+08
 4.58863412e+02 6.87630945e+08
 4.59360071e+02 6.87952118e+08
 4.59856730e+02 6.88273291e+08
 4.60353389e+02 6.86551703e+08
 4.60850049e+02 6.84228854e+08
 4.61346708e+02 6.80702103e+08
 4.61843367e+02 6.75650977e+08
 4.62340026e+02 6.70855166e+08
 4.62836686e+02 6.68193477e+08
 4.63333345e+02 6.65531787e+08
 4.63830004e+02 6.67256567e+08
 4.64326663e+02 6.70296426e+08
 4.64823323e+02 6.73430498e+08
 4.65319982e+02 6.76690093e+08
 4.65816641e+02 6.79865601e+08
 4.66313300e+02 6.82136781e+08
 4.66809960e+02 6.84407961e+08
 4.67306619e+02 6.87701210e+08
 4.67803278e+02 6.91356739e+08
 4.68299937e+02 6.94933722e+08
 4.68796597e+02 6.98387045e+08
 4.69293256e+02 7.01772897e+08
 4.69789915e+02 7.03325754e+08
 4.70286574e+02 7.04878611e+08
 4.70783234e+02 7.06445286e+08
 4.71279893e+02 7.08018478e+08
 4.71776552e+02 7.11637750e+08
 4.72273211e+02 7.19597856e+08
 4.72769871e+02 7.27557962e+08
 4.73266530e+02 7.32192447e+08
 4.73763189e+02 7.36681682e+08
 4.74259848e+02 7.39740087e+08
 4.74756508e+02 7.41815892e+08
 4.75253167e+02 7.44704553e+08
 4.75749826e+02 7.50401316e+08
 4.76246485e+02 7.56098080e+08
 4.76743145e+02 7.58895357e+08
 4.77239804e+02 7.61193057e+08
 4.77736463e+02 7.66269525e+08
 4.78233122e+02 7.74374727e+08
 4.78729782e+02 7.81961889e+08
 4.79226441e+02 7.84930212e+08
 4.79723100e+02 7.87898536e+08
 4.80219759e+02 7.84063783e+08
 4.80716419e+02 7.77585114e+08
 4.81213078e+02 7.70955877e+08
 4.81709737e+02 7.64029531e+08
 4.82206396e+02 7.57103186e+08
 4.82703056e+02 7.58442457e+08
 4.83199715e+02 7.60221835e+08
 4.83696374e+02 7.65701865e+08
 4.84193033e+02 7.74095721e+08
 4.84689693e+02 7.83308734e+08
 4.85186352e+02 7.96624657e+08
 4.85683011e+02 8.09940580e+08
 4.86179670e+02 8.25347000e+08
 4.86676330e+02 8.41376834e+08
 4.87172989e+02 8.50849873e+08
 4.87669648e+02 8.49209783e+08
 4.88166307e+02 8.47569692e+08
 4.88662967e+02 8.41011363e+08
 4.89159626e+02 8.34294482e+08
 4.89656285e+02 8.29293536e+08
 4.90152944e+02 8.25622415e+08
 4.90649604e+02 8.22453814e+08
 4.91146263e+02 8.22026463e+08
 4.91642922e+02 8.21599112e+08
 4.92139581e+02 8.24390932e+08
 4.92636241e+02 8.28294091e+08
 4.93132900e+02 8.31553092e+08
 4.93629559e+02 8.33496778e+08
 4.94126218e+02 8.35440464e+08
 4.94622878e+02 8.39154991e+08
 4.95119537e+02 8.43042461e+08
 4.95616196e+02 8.46972212e+08
 4.96112855e+02 8.50945929e+08
 4.96609515e+02 8.55197165e+08
 4.97106174e+02 8.63352828e+08
 4.97602833e+02 8.71508490e+08
 4.98099492e+02 8.77499117e+08
 4.98596152e+02 8.82268773e+08
 4.99092811e+02 8.86430977e+08
 4.99589470e+02 8.88299325e+08
 5.00086129e+02 8.90167674e+08
 5.00582789e+02 8.91188376e+08
 5.01079448e+02 8.91964758e+08
 5.01576107e+02 8.92674889e+08
 5.02072766e+02 8.93256449e+08
 5.02569426e+02 8.93838010e+08
 5.03066085e+02 8.92477085e+08
 5.03562744e+02 8.90902213e+08
 5.04059403e+02 8.90400847e+08
 5.04556063e+02 8.91167656e+08
 5.05052722e+02 8.92023368e+08
 5.05549381e+02 8.99628521e+08
 5.06046040e+02 9.07233674e+08
 5.06542700e+02 9.11725913e+08
 5.07039359e+02 9.13816495e+08
 5.07536018e+02 9.15129446e+08
 5.08032677e+02 9.10332179e+08
 5.08529337e+02 9.05534911e+08
 5.09025996e+02 8.99000571e+08
 5.09522655e+02 8.91564299e+08
 5.10019314e+02 8.86900885e+08
 5.10515974e+02 8.93295408e+08
 5.11012633e+02 8.99689932e+08
 5.11509292e+02 9.08953181e+08
 5.12005951e+02 9.19226141e+08
 5.12502611e+02 9.26985173e+08
 5.12999270e+02 9.28141739e+08
 5.13495929e+02 9.29298306e+08
 5.13992588e+02 9.27148402e+08
 5.14489248e+02 9.24216752e+08
 5.14985907e+02 9.23363791e+08
 5.15482566e+02 9.26568943e+08
 5.15979225e+02 9.29774095e+08
 5.16475885e+02 9.33188549e+08
 5.16972544e+02 9.36635502e+08
 5.17469203e+02 9.41846239e+08
 5.17965862e+02 9.49822857e+08
 5.18462522e+02 9.57799474e+08
 5.18959181e+02 9.63648776e+08
 5.19455840e+02 9.69287944e+08
 5.19952499e+02 9.72515994e+08
 5.20449159e+02 9.72518299e+08
 5.20945818e+02 9.72520604e+08
 5.21442477e+02 9.70846556e+08
 5.21939136e+02 9.69069870e+08
 5.22435796e+02 9.66833524e+08
 5.22932455e+02 9.64043913e+08
 5.23429114e+02 9.61254301e+08
 5.23925773e+02 9.61059152e+08
 5.24422433e+02 9.60965900e+08
 5.24919092e+02 9.62857146e+08
 5.25415751e+02 9.67008367e+08
 5.25912410e+02 9.71159588e+08
 5.26409070e+02 9.75766749e+08
 5.26905729e+02 9.80388103e+08
 5.27402388e+02 9.85156126e+08
 5.27899047e+02 9.90090206e+08
 5.28395707e+02 9.95024286e+08
 5.28892366e+02 9.95284080e+08
 5.29389025e+02 9.95374955e+08
 5.29885684e+02 9.93116743e+08
 5.30382344e+02 9.88080469e+08
 5.30879003e+02 9.83044195e+08
 5.31375662e+02 9.80427482e+08
 5.31872321e+02 9.77943119e+08
 5.32368981e+02 9.76812602e+08
 5.32865640e+02 9.77440284e+08
 5.33362299e+02 9.78067966e+08
 5.33858958e+02 9.73408487e+08
 5.34355618e+02 9.68282120e+08
 5.34852277e+02 9.65522694e+08
 5.35348936e+02 9.66319437e+08
 5.35845595e+02 9.67116180e+08
 5.36342255e+02 9.67252672e+08
 5.36838914e+02 9.67296814e+08
 5.37335573e+02 9.67767632e+08
 5.37832232e+02 9.69024267e+08
 5.38328892e+02 9.70280903e+08
 5.38825551e+02 9.69479240e+08
 5.39322210e+02 9.68236230e+08
 5.39818869e+02 9.67734436e+08
 5.40315528e+02 9.69030701e+08
 5.40812188e+02 9.70326966e+08
 5.41308847e+02 9.71710569e+08
 5.41805506e+02 9.73122163e+08
 5.42302165e+02 9.73343150e+08
 5.42798825e+02 9.69333484e+08
 5.43295484e+02 9.65323818e+08
 5.43792143e+02 9.57722258e+08
 5.44288802e+02 9.48421609e+08
 5.44785462e+02 9.40600357e+08
 5.45282121e+02 9.42253891e+08
 5.45778780e+02 9.43907424e+08
 5.46275439e+02 9.46091754e+08
 5.46772099e+02 9.48647748e+08
 5.47268758e+02 9.51219970e+08
 5.47765417e+02 9.54200683e+08
 5.48262076e+02 9.57181397e+08
 5.48758736e+02 9.58402775e+08
 5.49255395e+02 9.57757347e+08
 5.49752054e+02 9.57111919e+08
 5.50248713e+02 9.56073089e+08
 5.50745373e+02 9.55004233e+08
 5.51242032e+02 9.52731665e+08
 5.51738691e+02 9.48408836e+08
 5.52235350e+02 9.44086007e+08
 5.52732010e+02 9.43125367e+08
 5.53228669e+02 9.42965277e+08
 5.53725328e+02 9.43084612e+08
 5.54221987e+02 9.44077340e+08
 5.54718647e+02 9.45070068e+08
 5.55215306e+02 9.42914751e+08
 5.55711965e+02 9.39236893e+08
 5.56208624e+02 9.35440181e+08
 5.56705284e+02 9.30603643e+08
 5.57201943e+02 9.25767104e+08
 5.57698602e+02 9.23920799e+08
 5.58195261e+02 9.24746807e+08
 5.58691921e+02 9.25572814e+08
 5.59188580e+02 9.25241814e+08
 5.59685239e+02 9.24850559e+08
 5.60181898e+02 9.23317357e+08
 5.60678558e+02 9.19838590e+08
 5.61175217e+02 9.16359824e+08
 5.61671876e+02 9.10415253e+08
 5.62168535e+02 9.03799945e+08
 5.62665195e+02 8.97455732e+08
 5.63161854e+02 8.92200103e+08
 5.63658513e+02 8.86944474e+08
 5.64155172e+02 8.83780028e+08
 5.64651832e+02 8.81955140e+08
 5.65148491e+02 8.80151474e+08
 5.65645150e+02 8.79602053e+08
 5.66141809e+02 8.79052633e+08
 5.66638469e+02 8.79593753e+08
 5.67135128e+02 8.81636735e+08
 5.67631787e+02 8.83679716e+08
 5.68128446e+02 8.79837016e+08
 5.68625106e+02 8.74716599e+08
 5.69121765e+02 8.69184277e+08
 5.69618424e+02 8.62187575e+08
 5.70115083e+02 8.55190874e+08
 5.70611743e+02 8.50205824e+08
 5.71108402e+02 8.46483471e+08
 5.71605061e+02 8.42812220e+08
 5.72101720e+02 8.47416573e+08
 5.72598380e+02 8.52020926e+08
 5.73095039e+02 8.53196829e+08
 5.73591698e+02 8.49118119e+08
 5.74088357e+02 8.45039409e+08
 5.74585017e+02 8.39411633e+08
 5.75081676e+02 8.33348176e+08
 5.75578335e+02 8.27853011e+08
 5.76074994e+02 8.25274643e+08
 5.76571654e+02 8.22696275e+08
 5.77068313e+02 8.19760754e+08
 5.77564972e+02 8.16524135e+08
 5.78061631e+02 8.13287516e+08
 5.78558291e+02 8.09994917e+08
 5.79054950e+02 8.06697386e+08
 5.79551609e+02 8.02489570e+08
 5.80048268e+02 7.96079109e+08
 5.80544928e+02 7.89668648e+08
 5.81041587e+02 7.82725248e+08
 5.81538246e+02 7.75510651e+08
 5.82034905e+02 7.68435050e+08
 5.82531565e+02 7.65851875e+08
 5.83028224e+02 7.63268699e+08
 5.83524883e+02 7.62574702e+08
 5.84021542e+02 7.64783793e+08
 5.84518202e+02 7.66992883e+08
 5.85014861e+02 7.68685291e+08
 5.85511520e+02 7.70210354e+08
 5.86008179e+02 7.71788219e+08
 5.86504839e+02 7.73778761e+08
 5.87001498e+02 7.75769302e+08
 5.87498157e+02 7.76680687e+08
 5.87994816e+02 7.76367564e+08
 5.88491476e+02 7.76054442e+08
 5.88988135e+02 7.74257713e+08
 5.89484794e+02 7.72136219e+08
 5.89981453e+02 7.69554244e+08
 5.90478113e+02 7.64712943e+08
 5.90974772e+02 7.59871643e+08
 5.91471431e+02 7.56950174e+08
 5.91968090e+02 7.55835668e+08
 5.92464750e+02 7.54721162e+08
 5.92961409e+02 7.57279736e+08
 5.93458068e+02 7.60446610e+08
 5.93954727e+02 7.63474740e+08
 5.94451387e+02 7.65939590e+08
 5.94948046e+02 7.68404440e+08
 5.95444705e+02 7.70288716e+08
 5.95941364e+02 7.71666946e+08
 5.96438024e+02 7.73045176e+08
 5.96934683e+02 7.73538959e+08
 5.97431342e+02 7.73898113e+08
 5.97928001e+02 7.73839372e+08
 5.98424661e+02 7.72092518e+08
 5.98921320e+02 7.70345664e+08
 5.99417979e+02 7.68204703e+08
 5.99914638e+02 7.65708468e+08
 6.00411298e+02 7.63212234e+08
 6.00907957e+02 7.57010023e+08
 6.01404616e+02 7.50155522e+08
 6.01901275e+02 7.44412630e+08
 6.02397935e+02 7.44032407e+08
 6.02894594e+02 7.43652183e+08
 6.03391253e+02 7.45187281e+08
 6.03887912e+02 7.48715857e+08
 6.04384572e+02 7.52244434e+08
 6.04881231e+02 7.54734722e+08
 6.05377890e+02 7.56973903e+08
 6.05874549e+02 7.59290981e+08
 6.06371209e+02 7.62193448e+08
 6.06867868e+02 7.65095915e+08
 6.07364527e+02 7.68480305e+08
 6.07861186e+02 7.72512518e+08
 6.08357846e+02 7.76544731e+08
 6.08854505e+02 7.76825934e+08
 6.09351164e+02 7.75738395e+08
 6.09847823e+02 7.74438621e+08
 6.10344483e+02 7.67402120e+08
 6.10841142e+02 7.60365619e+08
 6.11337801e+02 7.53475370e+08
 6.11834460e+02 7.46874608e+08
 6.12331120e+02 7.40273847e+08
 6.12827779e+02 7.36104087e+08
 6.13324438e+02 7.33346499e+08
 6.13821097e+02 7.30588912e+08
 6.14317757e+02 7.30099925e+08
 6.14814416e+02 7.29791160e+08
 6.15311075e+02 7.30644662e+08
 6.15807734e+02 7.35686963e+08
 6.16304394e+02 7.40729264e+08
 6.16801053e+02 7.44392056e+08
 6.17297712e+02 7.46702364e+08
 6.17794371e+02 7.49012673e+08
 6.18291031e+02 7.50376288e+08
 6.18787690e+02 7.51487696e+08
 6.19284349e+02 7.52386993e+08
 6.19781008e+02 7.50522191e+08
 6.20277668e+02 7.48657389e+08
 6.20774327e+02 7.47139085e+08
 6.21270986e+02 7.46264704e+08
 6.21767645e+02 7.45390323e+08
 6.22264305e+02 7.45060121e+08
 6.22760964e+02 7.45055903e+08
 6.23257623e+02 7.45051685e+08
 6.23754282e+02 7.50794550e+08
 6.24250942e+02 7.57191286e+08
 6.24747601e+02 7.63372492e+08
 6.25244260e+02 7.68480690e+08
 6.25740919e+02 7.73588887e+08
 6.26237579e+02 7.76820766e+08
 6.26734238e+02 7.77601994e+08
 6.27230897e+02 7.78383222e+08
 6.27727556e+02 7.79380037e+08
 6.28224216e+02 7.80470595e+08
 6.28720875e+02 7.81561154e+08
 6.29217534e+02 7.81906911e+08
 6.29714193e+02 7.82219372e+08
 6.30210853e+02 7.82266543e+08
 6.30707512e+02 7.81341744e+08
 6.31204171e+02 7.80416945e+08
 6.31700830e+02 7.79403071e+08
 6.32197490e+02 7.78288175e+08
 6.32694149e+02 7.77173280e+08
 6.33190808e+02 7.81376738e+08
 6.33687467e+02 7.87651743e+08
 6.34184127e+02 7.93926749e+08
 6.34680786e+02 8.00243771e+08
 6.35177445e+02 8.06562194e+08
 6.35674104e+02 8.11186622e+08
 6.36170764e+02 8.09542121e+08
 6.36667423e+02 8.07897620e+08
 6.37164082e+02 8.05994130e+08
 6.37660741e+02 8.03780030e+08
 6.38157401e+02 8.01565931e+08
 6.38654060e+02 8.02253936e+08
 6.39150719e+02 8.04224022e+08
 6.39647378e+02 8.06194109e+08
 6.40144038e+02 8.09127124e+08
 6.40640697e+02 8.12133240e+08
 6.41137356e+02 8.15209083e+08
 6.41634015e+02 8.18644963e+08
 6.42130675e+02 8.22080844e+08
 6.42627334e+02 8.26661543e+08
 6.43123993e+02 8.33017937e+08
 6.43620652e+02 8.39374332e+08
 6.44117312e+02 8.44306536e+08
 6.44613971e+02 8.48361003e+08
 6.45110630e+02 8.52415469e+08
 6.45607289e+02 8.54719738e+08
 6.46103949e+02 8.56696443e+08
 6.46600608e+02 8.58405916e+08
 6.47097267e+02 8.56137598e+08
 6.47593926e+02 8.53869280e+08
 6.48090586e+02 8.52238281e+08
 6.48587245e+02 8.52241986e+08
 6.49083904e+02 8.52245690e+08
 6.49580563e+02 8.52587795e+08
 6.50077223e+02 8.53275116e+08
 6.50573882e+02 8.53962437e+08
 6.51070541e+02 8.56531360e+08
 6.51567200e+02 8.59882050e+08
 6.52063860e+02 8.63232740e+08
 6.52560519e+02 8.66896034e+08
 6.53057178e+02 8.70588411e+08
 6.53553837e+02 8.73609947e+08
 6.54050497e+02 8.71723612e+08
 6.54547156e+02 8.69837278e+08
 6.55043815e+02 8.69502010e+08
 6.55540474e+02 8.72424184e+08
 6.56037134e+02 8.75346358e+08
 6.56533793e+02 8.82713362e+08
 6.57030452e+02 8.94153190e+08
 6.57527111e+02 9.05593017e+08
 6.58023771e+02 9.16046185e+08
 6.58520430e+02 9.26111952e+08
 6.59017089e+02 9.36177719e+08
 6.59513748e+02 9.41286062e+08
 6.60010408e+02 9.45911515e+08
 6.60507067e+02 9.50204940e+08
 6.61003726e+02 9.51554992e+08
 6.61500385e+02 9.52905043e+08
 6.61997044e+02 9.55177703e+08
 6.62493704e+02 9.59726193e+08
 6.62990363e+02 9.64274683e+08
 6.63487022e+02 9.67237577e+08
 6.63983681e+02 9.68430280e+08
 6.64480341e+02 9.69622983e+08
 6.64977000e+02 9.70042976e+08
 6.65473659e+02 9.70053244e+08
 6.65970318e+02 9.70063512e+08
 6.66466978e+02 9.67881827e+08
 6.66963637e+02 9.65255765e+08
 6.67460296e+02 9.62599369e+08
 6.67956955e+02 9.55193875e+08
 6.68453615e+02 9.47788382e+08
 6.68950274e+02 9.38818059e+08
 6.69446933e+02 9.22631651e+08
 6.69943592e+02 9.06445242e+08
 6.70440252e+02 8.87501194e+08
 6.70936911e+02 8.63368275e+08
 6.71433570e+02 8.39235355e+08
 6.71930229e+02 8.01798321e+08
 6.72426889e+02 7.51721273e+08
 6.72923548e+02 7.01644224e+08
 6.73420207e+02 6.46059834e+08
 6.73916866e+02 5.87830146e+08
 6.74413526e+02 5.29600458e+08
 6.74910185e+02 4.72930846e+08
 6.75406844e+02 4.16569031e+08
 6.75903503e+02 3.60207216e+08
 6.76400163e+02 3.28770572e+08
 6.76896822e+02 2.97538495e+08
 6.77393481e+02 2.67818380e+08
 6.77890140e+02 2.46980586e+08
 6.78386800e+02 2.26142791e+08
 6.78883459e+02 2.07668218e+08
 6.79380118e+02 1.94813742e+08
 6.79876777e+02 1.81959265e+08
 6.80373437e+02 1.70871296e+08
 6.80870096e+02 1.61999593e+08
 6.81366755e+02 1.53127890e+08
 6.81863414e+02 1.46883138e+08
 6.82360074e+02 1.42478947e+08
 6.82856733e+02 1.38074756e+08
 6.83353392e+02 1.32103355e+08
 6.83850051e+02 1.25550670e+08
 6.84346711e+02 1.18997985e+08
 6.84843370e+02 1.12411768e+08
 6.85340029e+02 1.05820445e+08
 6.85836688e+02 9.92338276e+07
 6.86333348e+02 9.41174703e+07
 6.86830007e+02 8.90011129e+07
 6.87326666e+02 8.42266907e+07
 6.87823325e+02 8.16338208e+07
 6.88319985e+02 7.90409508e+07
 6.88816644e+02 7.67875804e+07
 6.89313303e+02 7.54769455e+07
 6.89809962e+02 7.41663105e+07
 6.90306622e+02 7.25683117e+07
 6.90803281e+02 7.05227352e+07
 6.91299940e+02 6.84771587e+07
 6.91796599e+02 6.51218426e+07
 6.92293259e+02 6.05290918e+07
 6.92789918e+02 5.59363410e+07
 6.93286577e+02 5.25678265e+07
 6.93783236e+02 4.99049992e+07
 6.94279896e+02 4.72421718e+07
 6.94776555e+02 4.31415463e+07
 6.95273214e+02 3.85653709e+07
 6.95769873e+02 3.39891956e+07
 6.96266533e+02 3.36827788e+07
 6.96763192e+02 3.40397183e+07
 6.97259851e+02 3.43966577e+07
 6.97756510e+02 3.36494234e+07
 6.98253170e+02 3.28756913e+07
 6.98749829e+02 3.22730630e+07
 6.99246488e+02 3.35227714e+07
 6.99743147e+02 3.47724798e+07
 7.00239807e+02 3.56074293e+07
 7.00736466e+02 3.46686562e+07
 7.01233125e+02 3.37298832e+07
 7.01729784e+02 3.23309358e+07
 7.02226444e+02 2.98131920e+07
 7.02723103e+02 2.72954482e+07
 7.03219762e+02 2.60771642e+07
 7.03716421e+02 2.68886162e+07
 7.04213081e+02 2.77000682e+07
 7.04709740e+02 2.86497917e+07
 7.05206399e+02 2.97456545e+07
 7.05703058e+02 3.08415173e+07
 7.06199718e+02 3.07684339e+07
 7.06696377e+02 2.98453110e+07
 7.07193036e+02 2.89221881e+07
 7.07689695e+02 2.87234277e+07
 7.08186355e+02 2.88834650e+07
 7.08683014e+02 2.90435023e+07
 7.09179673e+02 3.06654634e+07
 7.09676332e+02 3.27605807e+07
 7.10172992e+02 3.48556979e+07
 7.10669651e+02 3.60506848e+07
 7.11166310e+02 3.70731773e+07
 7.11662969e+02 3.80956699e+07
 7.12159629e+02 3.63439537e+07
 7.12656288e+02 3.43505062e+07
 7.13152947e+02 3.23570586e+07
 7.13649606e+02 3.24100794e+07
 7.14146266e+02 3.24682760e+07
 7.14642925e+02 3.26040578e+07
 7.15139584e+02 3.37387720e+07
 7.15636243e+02 3.48734862e+07
 7.16132903e+02 3.58183554e+07
 7.16629562e+02 3.56312952e+07
 7.17126221e+02 3.54442351e+07
 7.17622880e+02 3.50212562e+07
 7.18119540e+02 3.37221727e+07
 7.18616199e+02 3.24230892e+07
 7.19112858e+02 3.12326422e+07
 7.19609517e+02 3.03248413e+07
 7.20106177e+02 2.94170404e+07
 7.20602836e+02 2.83886365e+07
 7.21099495e+02 2.71262227e+07
 7.21596154e+02 2.58638089e+07
 7.22092814e+02 2.47649811e+07
 7.22589473e+02 2.39120246e+07
 7.23086132e+02 2.30590681e+07
 7.23582791e+02 2.23122607e+07
 7.24079451e+02 2.16921348e+07
 7.24576110e+02 2.10720089e+07
 7.25072769e+02 2.06357171e+07
 7.25569428e+02 2.03765726e+07
 7.26066088e+02 2.01174282e+07
 7.26562747e+02 1.97541788e+07
 7.27059406e+02 1.93089944e+07
 7.27556065e+02 1.88638100e+07
 7.28052725e+02 1.90743935e+07
 7.28549384e+02 1.97097776e+07
 7.29046043e+02 2.03451617e+07
 7.29542702e+02 2.14499500e+07
 7.30039362e+02 2.28062411e+07
 7.30536021e+02 2.41625322e+07
 7.31032680e+02 2.54686001e+07
 7.31529339e+02 2.67523514e+07
 7.32025999e+02 2.80361027e+07
 7.32522658e+02 2.72238187e+07
 7.33019317e+02 2.56384431e+07
 7.33515976e+02 2.40530676e+07
 7.34012636e+02 2.20707944e+07
 7.34509295e+02 1.99670795e+07
 7.35005954e+02 1.78633645e+07
 7.35502613e+02 1.66230839e+07
 7.35999273e+02 1.56015834e+07
 7.36495932e+02 1.45800830e+07
 7.36992591e+02 1.67792737e+07
 7.37489250e+02 1.96524835e+07
 7.37985910e+02 2.25256934e+07
 7.38482569e+02 2.39534311e+07
 7.38979228e+02 2.51320839e+07
 7.39475887e+02 2.63107368e+07
 7.39972547e+02 2.71207355e+07
 7.40469206e+02 2.78785730e+07
 7.40965865e+02 2.86364106e+07
 7.41462524e+02 2.68571627e+07
 7.41959184e+02 2.47836086e+07
 7.42455843e+02 2.27100546e+07
 7.42952502e+02 2.23356827e+07
 7.43449161e+02 2.21231552e+07
 7.43945821e+02 2.19106278e+07
 7.44442480e+02 2.34967552e+07
 7.44939139e+02 2.52245573e+07
 7.45435798e+02 2.69523595e+07
 7.45932458e+02 2.88470035e+07
 7.46429117e+02 3.07526935e+07
 7.46925776e+02 3.26583836e+07
 7.47422435e+02 3.07095091e+07
 7.47919095e+02 2.85397259e+07
 7.48415754e+02 2.63699428e+07
 7.48912413e+02 2.38588880e+07
 7.49409072e+02 2.13301203e+07
 7.49905732e+02 1.88013527e+07
 7.50402391e+02 2.03254796e+07
 7.50899050e+02 2.20517525e+07
 7.51395709e+02 2.37780255e+07
 7.51892369e+02 2.25061130e+07
 7.52389028e+02 2.10807104e+07
 7.52885687e+02 1.96553078e+07
 7.53382346e+02 2.05179015e+07
 7.53879006e+02 2.15083481e+07
 7.54375665e+02 2.24987947e+07
 7.54872324e+02 2.29510380e+07
 7.55368983e+02 2.33688235e+07
 7.55865643e+02 2.37866090e+07
 7.56362302e+02 2.30161256e+07
 7.56858961e+02 2.21555875e+07
 7.57355620e+02 2.12950495e+07
 7.57852280e+02 2.11839757e+07
 7.58348939e+02 2.11414073e+07
 7.58845598e+02 2.10988389e+07
 7.59342257e+02 2.07370604e+07
 7.59838917e+02 2.03397827e+07
 7.60335576e+02 1.99425050e+07
 7.60832235e+02 2.01634584e+07
 7.61328894e+02 2.04682659e+07
 7.61825554e+02 2.07730734e+07
 7.62322213e+02 2.24113818e+07
 7.62818872e+02 2.42700558e+07
 7.63315531e+02 2.61287297e+07
 7.63812191e+02 2.59522736e+07
 7.64308850e+02 2.53671536e+07
 7.64805509e+02 2.47820336e+07
 7.65302168e+02 2.36443327e+07
 7.65798828e+02 2.23722151e+07
 7.66295487e+02 2.11000975e+07
 7.66792146e+02 2.00860099e+07
 7.67288805e+02 1.91477459e+07
 7.67785465e+02 1.82094819e+07
 7.68282124e+02 1.80441921e+07
 7.68778783e+02 1.81527501e+07
 7.69275442e+02 1.82613082e+07
 7.69772102e+02 1.88357654e+07
 7.70268761e+02 1.96090455e+07
 7.70765420e+02 2.03823257e+07
 7.71262079e+02 2.06677511e+07
 7.71758739e+02 2.07022619e+07
 7.72255398e+02 2.07367727e+07
 7.72752057e+02 2.16482625e+07
 7.73248716e+02 2.31045813e+07
 7.73745376e+02 2.45609001e+07
 7.74242035e+02 2.63046993e+07
 7.74738694e+02 2.82651698e+07
 7.75235353e+02 3.02256403e+07
 7.75732013e+02 3.04961907e+07
 7.76228672e+02 2.92107043e+07
 7.76725331e+02 2.79252178e+07
 7.77221990e+02 2.49094534e+07
 7.77718650e+02 1.99267684e+07
 7.78215309e+02 1.49440835e+07
 7.78711968e+02 1.16240304e+07
 7.79208627e+02 1.06734524e+07
 7.79705287e+02 9.72287454e+06
 7.80201946e+02 8.99156495e+06
 7.80698605e+02 8.66095526e+06
 7.81195264e+02 8.33034557e+06
 7.81691924e+02 8.80294627e+06
 7.82188583e+02 1.12232168e+07
 7.82685242e+02 1.36434874e+07
 7.83181901e+02 1.55460158e+07
 7.83678560e+02 1.56881677e+07
 7.84175220e+02 1.58303196e+07
 7.84671879e+02 1.61463918e+07
 7.85168538e+02 1.73787474e+07
 7.85665197e+02 1.86111030e+07
 7.86161857e+02 1.98001105e+07
 7.86658516e+02 2.05441541e+07
 7.87155175e+02 2.12881977e+07
 7.87651834e+02 2.20264792e+07
 7.88148494e+02 2.23861701e+07
 7.88645153e+02 2.27458609e+07
 7.89141812e+02 2.31055518e+07
 7.89638471e+02 2.31594726e+07
 7.90135131e+02 2.31932489e+07
 7.90631790e+02 2.32270253e+07
 7.91128449e+02 2.35078526e+07
 7.91625108e+02 2.38294431e+07
 7.92121768e+02 2.41510336e+07
 7.92618427e+02 2.36151958e+07
 7.93115086e+02 2.28311814e+07
 7.93611745e+02 2.20471670e+07
 7.94108405e+02 2.22496216e+07
 7.94605064e+02 2.28959619e+07
 7.95101723e+02 2.35423023e+07
 7.95598382e+02 2.43860056e+07
 7.96095042e+02 2.53608537e+07
 7.96591701e+02 2.63357017e+07
 7.97088360e+02 2.70390403e+07
 7.97585019e+02 2.74803517e+07
 7.98081679e+02 2.79216632e+07
 7.98578338e+02 2.73719536e+07
 7.99074997e+02 2.54193039e+07
 7.99571656e+02 2.34666542e+07
 8.00068316e+02 2.17479995e+07
 8.00564975e+02 2.05357725e+07
 8.01061634e+02 1.93235456e+07
 8.01558293e+02 1.84776385e+07
 8.02054953e+02 1.89686512e+07
 8.02551612e+02 1.94596639e+07
 8.03048271e+02 1.98954016e+07
 8.03544930e+02 1.98888802e+07
 8.04041590e+02 1.98823587e+07
 8.04538249e+02 1.98650353e+07
 8.05034908e+02 1.72271571e+07
 8.05531567e+02 1.45892789e+07
 8.06028227e+02 1.19514007e+07
 8.06524886e+02 1.05089388e+07
 8.07021545e+02 9.20807336e+06
 8.07518204e+02 7.90720793e+06
 8.08014864e+02 7.53790202e+06
 8.08511523e+02 7.42971159e+06
 8.09008182e+02 7.32152116e+06
 8.09504841e+02 7.43434858e+06
 8.10001501e+02 7.65850442e+06
 8.10498160e+02 7.88266026e+06
 8.10994819e+02 7.54647287e+06
 8.11491478e+02 6.74428677e+06
 8.11988138e+02 5.94210068e+06
 8.12484797e+02 5.54591640e+06
 8.12981456e+02 5.70154415e+06
 8.13478115e+02 5.85717189e+06
 8.13974775e+02 5.86820531e+06
 8.14471434e+02 5.53990007e+06
 8.14968093e+02 5.21159483e+06
 8.15464752e+02 5.03820759e+06
 8.15961412e+02 5.61755266e+06
 8.16458071e+02 6.19689772e+06
 8.16954730e+02 6.74756210e+06
 8.17451389e+02 6.60182343e+06
 8.17948049e+02 6.45608477e+06
 8.18444708e+02 6.31034611e+06
 8.18941367e+02 6.39667143e+06
 8.19438026e+02 6.50723968e+06
 8.19934686e+02 6.61780792e+06
 8.20431345e+02 5.78533770e+06
 8.20928004e+02 4.66840515e+06
 8.21424663e+02 3.55147259e+06
 8.21921323e+02 2.76082213e+06
 8.22417982e+02 2.16337364e+06
 8.22914641e+02 1.56592515e+06
 8.23411300e+02 9.18456965e+05
 8.23907960e+02 2.17854706e+05
 8.24404619e+02 -4.82747553e+05
 8.24901278e+02 3.08296290e+05
 8.25397937e+02 4.01165669e+06
 8.25894597e+02 7.71501708e+06
 8.26391256e+02 1.13286112e+07
 8.26887915e+02 1.45582535e+07
 8.27384574e+02 1.77878958e+07
 8.27881234e+02 2.09279113e+07
 8.28377893e+02 2.17525572e+07
 8.28874552e+02 2.25772031e+07
 8.29371211e+02 2.34018490e+07
 8.29867871e+02 2.25426177e+07
 8.30364530e+02 2.14581657e+07
 8.30861189e+02 2.03737136e+07
 8.31357848e+02 1.97772503e+07
 8.31854508e+02 1.93670250e+07
 8.32351167e+02 1.89567996e+07
 8.32847826e+02 1.81178972e+07
 8.33344485e+02 1.69455935e+07
 8.33841145e+02 1.57732898e+07
 8.34337804e+02 1.51353989e+07
 8.34834463e+02 1.53050535e+07
 8.35331122e+02 1.54747081e+07
 8.35827782e+02 1.52077797e+07
 8.36324441e+02 1.34870082e+07
 8.36821100e+02 1.17662368e+07
 8.37317759e+02 1.00762450e+07
 8.37814419e+02 8.86302809e+06
 8.38311078e+02 7.64981114e+06
 8.38807737e+02 6.43659419e+06
 8.39304396e+02 5.29112747e+06
 8.39801056e+02 4.15426337e+06
 8.40297715e+02 3.01739928e+06
 8.40794374e+02 4.36483012e+06
 8.41291033e+02 6.72201655e+06
 8.41787693e+02 9.07920299e+06
 8.42284352e+02 1.12662718e+07
 8.42781011e+02 1.33034912e+07
 8.43277670e+02 1.53407107e+07
 8.43774330e+02 1.64826576e+07
 8.44270989e+02 1.59570313e+07
 8.44767648e+02 1.54314050e+07
 8.45264307e+02 1.47453422e+07
 8.45760967e+02 1.32412785e+07
 8.46257626e+02 1.17372148e+07
 8.46754285e+02 1.02331510e+07
 8.47250944e+02 9.45162782e+06
 8.47747604e+02 8.68817040e+06
 8.48244263e+02 7.92471298e+06
 8.48740922e+02 8.84803644e+06
 8.49237581e+02 1.02354497e+07
 8.49734241e+02 1.16228631e+07
 8.50230900e+02 1.37471959e+07
 8.50727559e+02 1.63839490e+07
 8.51224218e+02 1.90207022e+07
 8.51720878e+02 2.06351855e+07
 8.52217537e+02 2.06671209e+07
 8.52714196e+02 2.06990563e+07
 8.53210855e+02 2.05425380e+07
 8.53707515e+02 1.95932044e+07
 8.54204174e+02 1.86438709e+07
 8.54700833e+02 1.76945373e+07
 8.55197492e+02 1.84303520e+07
 8.55694152e+02 1.91855300e+07
 8.56190811e+02 1.99407080e+07
 8.56687470e+02 1.95175341e+07
 8.57184129e+02 1.87662935e+07
 8.57680789e+02 1.80150528e+07
 8.58177448e+02 1.61080420e+07
 8.58674107e+02 1.33390233e+07
 8.59170766e+02 1.05700047e+07
 8.59667426e+02 8.72543007e+06
 8.60164085e+02 8.52175526e+06
 8.60660744e+02 8.31808045e+06
 8.61157403e+02 8.06532538e+06
 8.61654063e+02 7.52297102e+06
 8.62150722e+02 6.98061666e+06
 8.62647381e+02 6.43826231e+06
 8.63144040e+02 6.67902390e+06
 8.63640700e+02 6.98194060e+06
 8.64137359e+02 7.28485729e+06
 8.64634018e+02 7.82358542e+06
 8.65130677e+02 8.46098108e+06
 8.65627337e+02 9.09837675e+06
 8.66123996e+02 9.43191996e+06
 8.66620655e+02 9.43701251e+06
 8.67117314e+02 9.44210506e+06
 8.67613974e+02 9.30448502e+06
 8.68110633e+02 8.74567461e+06
 8.68607292e+02 8.18686420e+06
 8.69103951e+02 7.65876949e+06
 8.69600611e+02 8.45873169e+06
 8.70097270e+02 9.25869388e+06
 8.70593929e+02 1.00586561e+07
 8.71090588e+02 1.06336116e+07
 8.71587248e+02 1.11484395e+07
 8.72083907e+02 1.16632674e+07
 8.72580566e+02 1.25032019e+07
 8.73077225e+02 1.36063091e+07
 8.73573885e+02 1.47094163e+07
 8.74070544e+02 1.53071661e+07
 8.74567203e+02 1.47964833e+07
 8.75063862e+02 1.42858005e+07
 8.75560522e+02 1.38380586e+07
 8.76057181e+02 1.42182052e+07
 8.76553840e+02 1.45983517e+07
 8.77050499e+02 1.49784982e+07
 8.77547159e+02 1.52256215e+07
 8.78043818e+02 1.54445579e+07
 8.78540477e+02 1.56634944e+07
 8.79037136e+02 1.63143124e+07
 8.79533796e+02 1.72821969e+07
 8.80030455e+02 1.82500815e+07
 8.80527114e+02 1.86728886e+07
 8.81023773e+02 1.79643522e+07
 8.81520433e+02 1.72558158e+07
 8.82017092e+02 1.65147883e+07
 8.82513751e+02 1.53462491e+07
 8.83010410e+02 1.41777099e+07
 8.83507070e+02 1.30091707e+07
 8.84003729e+02 1.15676454e+07
 8.84500388e+02 1.00633787e+07
 8.84997047e+02 8.55911211e+06
 8.85493707e+02 7.99072082e+06
 8.85990366e+02 8.18003666e+06
 8.86487025e+02 8.36935250e+06
 8.86983684e+02 8.81668198e+06
 8.87480344e+02 9.89852797e+06
 8.87977003e+02 1.09803740e+07
 8.88473662e+02 1.20224916e+07
 8.88970321e+02 1.13432489e+07
 8.89466981e+02 1.06640062e+07
 8.89963640e+02 9.98476343e+06
 8.90460299e+02 9.33200594e+06
 8.90956958e+02 8.68793455e+06
 8.91453618e+02 8.04386315e+06
 8.91950277e+02 8.18452484e+06
 8.92446936e+02 9.17358298e+06
 8.92943595e+02 1.01626411e+07
 8.93440255e+02 1.11254637e+07
 8.93936914e+02 1.19865315e+07
 8.94433573e+02 1.28475994e+07
 8.94930232e+02 1.37086673e+07
 8.95426892e+02 1.49579928e+07
 8.95923551e+02 1.62381404e+07
 8.96420210e+02 1.75182881e+07
 8.96916869e+02 1.74282416e+07
 8.97413529e+02 1.65838045e+07
 8.97910188e+02 1.57393674e+07
 8.98406847e+02 1.49002205e+07
 8.98903506e+02 1.40704620e+07
 8.99400166e+02 1.32407036e+07
 8.99896825e+02 1.23940356e+07
 9.00393484e+02 1.13322034e+07
 9.00890143e+02 1.02703712e+07
 9.01386803e+02 9.20853902e+06
 9.01883462e+02 8.56712372e+06
 9.02380121e+02 8.04268039e+06
 9.02876780e+02 7.51823705e+06
 9.03373440e+02 7.76031910e+06
 9.03870099e+02 8.80404476e+06
 9.04366758e+02 9.84777043e+06
 9.04863417e+02 1.07432497e+07
 9.05360076e+02 1.10159570e+07
 9.05856736e+02 1.12886643e+07
 9.06353395e+02 1.15613716e+07
 9.06850054e+02 1.04375778e+07
 9.07346713e+02 9.14600738e+06
 9.07843373e+02 7.85443699e+06
 9.08340032e+02 7.43146387e+06
 9.08836691e+02 7.61154882e+06
 9.09333350e+02 7.79163376e+06
 9.09830010e+02 7.32181016e+06
 9.10326669e+02 5.21904854e+06
 9.10823328e+02 3.11628692e+06
 9.11319987e+02 1.01352530e+06
 9.11816647e+02 1.06115713e+06
 9.12313306e+02 1.16128763e+06
 9.12809965e+02 1.26141814e+06
 9.13306624e+02 1.48031094e+06
 9.13803284e+02 1.75912634e+06
 9.14299943e+02 2.03794175e+06
 9.14796602e+02 2.93647072e+06
 9.15293261e+02 4.98525338e+06
 9.15789921e+02 7.03403604e+06
 9.16286580e+02 9.05355008e+06
 9.16783239e+02 1.02048099e+07
 9.17279898e+02 1.13560697e+07
 9.17776558e+02 1.25073296e+07
 9.18273217e+02 1.15875779e+07
 9.18769876e+02 9.83050894e+06
 9.19266535e+02 8.07343998e+06
 9.19763195e+02 6.99974234e+06
 9.20259854e+02 7.00128194e+06
 9.20756513e+02 7.00282154e+06
 9.21253172e+02 7.01011403e+06
 9.21749832e+02 7.10432329e+06
 9.22246491e+02 7.19853255e+06
 9.22743150e+02 7.29274181e+06
 9.23239809e+02 7.47681725e+06
 9.23736469e+02 7.69369787e+06
 9.24233128e+02 7.91057849e+06
 9.24729787e+02 8.58847174e+06
 9.25226446e+02 9.95765952e+06
 9.25723106e+02 1.13268473e+07
 9.26219765e+02 1.25535529e+07
 9.26716424e+02 1.17165752e+07
 9.27213083e+02 1.08795975e+07
 9.27709743e+02 1.00426197e+07
 9.28206402e+02 9.12835969e+06
 9.28703061e+02 8.18494628e+06
 9.29199720e+02 7.24153286e+06
 9.29696380e+02 6.43991316e+06
 9.30193039e+02 5.86516878e+06
 9.30689698e+02 5.29042440e+06
 9.31186357e+02 4.77293192e+06
 9.31683017e+02 5.62482247e+06
 9.32179676e+02 6.47671301e+06
 9.32676335e+02 7.32860356e+06
 9.33172994e+02 8.02768125e+06
 9.33669654e+02 8.65895356e+06
 9.34166313e+02 9.29022586e+06
 9.34662972e+02 9.49890166e+06
 9.35159631e+02 8.89519776e+06
 9.35656291e+02 8.29149386e+06
 9.36152950e+02 7.68778996e+06
 9.36649609e+02 7.87226503e+06
 9.37146268e+02 8.06572502e+06
 9.37642928e+02 8.25918502e+06
 9.38139587e+02 8.39245697e+06
 9.38636246e+02 8.49072404e+06
 9.39132905e+02 8.58899110e+06
 9.39629565e+02 8.48523097e+06
 9.40126224e+02 7.84300150e+06
 9.40622883e+02 7.20077202e+06
 9.41119542e+02 6.55854255e+06
 9.41616202e+02 6.86883738e+06
 9.42112861e+02 7.27289393e+06
 9.42609520e+02 7.67695049e+06
 9.43106179e+02 8.20656399e+06
 9.43602839e+02 8.84102010e+06
 9.44099498e+02 9.47547621e+06
 9.44596157e+02 1.01014843e+07
 9.45092816e+02 1.06880840e+07
 9.45589476e+02 1.12746837e+07
 9.46086135e+02 1.18612834e+07
 9.46582794e+02 1.18654984e+07
 9.47079453e+02 1.17287382e+07
 9.47576113e+02 1.15919780e+07
 9.48072772e+02 1.19499727e+07
 9.48569431e+02 1.29619310e+07
 9.49066090e+02 1.39738893e+07
 9.49562750e+02 1.49098131e+07
 9.50059409e+02 1.44952743e+07
 9.50556068e+02 1.40807355e+07
 9.51052727e+02 1.36661966e+07
 9.51549387e+02 1.26264150e+07
 9.52046046e+02 1.12827139e+07
 9.52542705e+02 9.93901277e+06
 9.53039364e+02 9.37395614e+06
 9.53536024e+02 1.07196112e+07
 9.54032683e+02 1.20652662e+07
 9.54529342e+02 1.34109212e+07
 9.55026001e+02 1.51055955e+07
 9.55522661e+02 1.68376947e+07
 9.56019320e+02 1.85697939e+07
 9.56515979e+02 1.84967897e+07
 9.57012638e+02 1.67156008e+07
 9.57509298e+02 1.49344120e+07
 9.58005957e+02 1.32780510e+07
 9.58502616e+02 1.25247533e+07
 9.58999275e+02 1.17714557e+07
 9.59495935e+02 1.10181580e+07
 9.59992594e+02 9.55971674e+06
 9.60489253e+02 7.83527896e+06
 9.60985912e+02 6.11084117e+06
 9.61482572e+02 4.86199755e+06
 9.61979231e+02 4.58857047e+06
 9.62475890e+02 4.31514339e+06
 9.62972549e+02 4.04171631e+06
 9.63469209e+02 3.33536839e+06
 9.63965868e+02 2.59464995e+06
 9.64462527e+02 1.85393151e+06
 9.64959186e+02 7.90667505e+05
 9.65455846e+02 -5.67790422e+05
 9.65952505e+02 -1.92624835e+06
 9.66449164e+02 -3.16995314e+06
 9.66945823e+02 -3.52917876e+06
 9.67442483e+02 -3.88840439e+06
 9.67939142e+02 -4.24763002e+06
 9.68435801e+02 -4.26631292e+06
 9.68932460e+02 -4.14219487e+06
 9.69429120e+02 -4.01807681e+06
 9.69925779e+02 -3.76589439e+06
 9.70422438e+02 -3.20212029e+06
 9.70919097e+02 -2.63834620e+06
 9.71415757e+02 -2.07457210e+06
 9.71912416e+02 -1.01486411e+06
 9.72409075e+02 1.15676892e+05
 9.72905734e+02 1.24621790e+06
 9.73402394e+02 1.66687887e+06
 9.73899053e+02 1.23989718e+06
 9.74395712e+02 8.12915488e+05
 9.74892371e+02 4.09216512e+05
 9.75389031e+02 6.76398743e+05
 9.75885690e+02 9.43580975e+05
 9.76382349e+02 1.21076321e+06
 9.76879008e+02 8.73110193e+05
 9.77375668e+02 1.46020389e+05
 9.77872327e+02 -5.81069416e+05
 9.78368986e+02 -1.47864064e+06
 9.78865645e+02 -3.15225811e+06
 9.79362305e+02 -4.82587558e+06
 9.79858964e+02 -6.49949305e+06
 9.80355623e+02 -6.48239436e+06
 9.80852282e+02 -5.89847059e+06
 9.81348942e+02 -5.31454681e+06
 9.81845601e+02 -5.09179389e+06
 9.82342260e+02 -5.65538977e+06
 9.82838919e+02 -6.21898565e+06
 9.83335579e+02 -6.78258153e+06
 9.83832238e+02 -6.14402331e+06
 9.84328897e+02 -5.33776211e+06
 9.84825556e+02 -4.53150091e+06
 9.85322216e+02 -2.24103902e+06
 9.85818875e+02 1.95824650e+06
 9.86315534e+02 6.15753201e+06
 9.86812193e+02 1.03568175e+07
 9.87308853e+02 8.13860862e+06
 9.87805512e+02 5.88356559e+06
 9.88302171e+02 3.62852256e+06
 9.88798830e+02 2.71307853e+06
 9.89295490e+02 2.90178014e+06
 9.89792149e+02 3.09048175e+06
 9.90288808e+02 3.22434278e+06
 9.90785467e+02 2.85950260e+06
 9.91282127e+02 2.49466242e+06
 9.91778786e+02 2.12982224e+06
 9.92275445e+02 2.45403114e+06
 9.92772104e+02 3.15420524e+06
 9.93268764e+02 3.85437933e+06
 9.93765423e+02 4.47160421e+06
 9.94262082e+02 4.73956165e+06
 9.94758741e+02 5.00751909e+06
 9.95255401e+02 5.27547654e+06
 9.95752060e+02 5.90122513e+06
 9.96248719e+02 6.65672768e+06
 9.96745378e+02 7.41223023e+06
 9.97242038e+02 8.00148020e+06
 9.97738697e+02 8.14761174e+06
 9.98235356e+02 8.29374329e+06
 9.98732015e+02 8.43987484e+06
 9.99228675e+02 7.83544929e+06
 9.99725334e+02 7.05360129e+06
 1.00022199e+03 6.27175329e+06
 1.00071865e+03 5.77907075e+06
 1.00121531e+03 5.84321392e+06
 1.00171197e+03 5.90735710e+06
 1.00220863e+03 5.97150027e+06
 1.00270529e+03 6.84256871e+06
 1.00320195e+03 7.83227214e+06
 1.00369861e+03 8.82197557e+06
 1.00419527e+03 9.77810239e+06
 1.00469193e+03 1.06836241e+07
 1.00518859e+03 1.15891458e+07
 1.00568524e+03 1.24946676e+07
 1.00618190e+03 1.36767503e+07
 1.00667856e+03 1.48819333e+07
 1.00717522e+03 1.60871162e+07
 1.00767188e+03 1.65518225e+07
 1.00816854e+03 1.60892089e+07
 1.00866520e+03 1.56265953e+07
 1.00916186e+03 1.51639817e+07
 1.00965852e+03 1.42907581e+07
 1.01015518e+03 1.34013491e+07
 1.01065184e+03 1.25119400e+07
 1.01114850e+03 1.09408617e+07
 1.01164516e+03 8.62293984e+06
 1.01214182e+03 6.30501794e+06
 1.01263847e+03 3.98709605e+06
 1.01313513e+03 3.67077747e+06
 1.01363179e+03 3.37606879e+06
 1.01412845e+03 3.08136011e+06
 1.01462511e+03 2.86000459e+06
 1.01512177e+03 2.71245249e+06
 1.01561843e+03 2.56490039e+06
 1.01611509e+03 2.41443968e+06
 1.01661175e+03 1.64024431e+06
 1.01710841e+03 8.66048930e+05
 1.01760507e+03 9.18535552e+04
 1.01810173e+03 -9.44879155e+05
 1.01859839e+03 -2.23604952e+06
 1.01909504e+03 -3.52721989e+06
 1.01959170e+03 -4.81019321e+06
 1.02008836e+03 -5.08270027e+06
 1.02058502e+03 -5.35520733e+06
 1.02108168e+03 -5.62771439e+06
 1.02157834e+03 -5.67421945e+06
 1.02207500e+03 -5.49944692e+06
 1.02257166e+03 -5.32467440e+06
 1.02306832e+03 -5.14990187e+06
 1.02356498e+03 -3.64193961e+06
 1.02406164e+03 -2.13336019e+06
 1.02455830e+03 -6.24780774e+05
 1.02505496e+03 -2.12304018e+05
 1.02555161e+03 -9.36953446e+05
 1.02604827e+03 -1.66160287e+06
 1.02654493e+03 -2.38625230e+06
 1.02704159e+03 -1.87190583e+06
 1.02753825e+03 -1.33113137e+06
 1.02803491e+03 -7.90356903e+05
 1.02853157e+03 -2.43051872e+05
 1.02902823e+03 3.11783819e+05
 1.02952489e+03 8.66619509e+05
 1.03002155e+03 1.42145520e+06
 1.03051821e+03 8.88408571e+05
 1.03101487e+03 2.94214367e+05
 1.03151153e+03 -2.99979837e+05
 1.03200818e+03 -5.60444748e+05
 1.03250484e+03 -3.71515930e+05
 1.03300150e+03 -1.82587113e+05
 1.03349816e+03 6.34170457e+03
 1.03399482e+03 2.25521353e+05
 1.03449148e+03 4.47967473e+05
 1.03498814e+03 6.70413593e+05
 1.03548480e+03 8.19759998e+05
 1.03598146e+03 8.47770964e+05
 1.03647812e+03 8.75781929e+05
 1.03697478e+03 9.03792894e+05
 1.03747144e+03 7.73773593e+05
 1.03796810e+03 6.15075609e+05
 1.03846476e+03 4.56377625e+05
 1.03896141e+03 1.53662729e+05
 1.03945807e+03 -4.63888121e+05
 1.03995473e+03 -1.08143897e+06
 1.04045139e+03 -1.69898982e+06
 1.04094805e+03 -1.40965742e+06
 1.04144471e+03 -8.62075002e+05
 1.04194137e+03 -3.14492588e+05
 1.04243803e+03 1.32206177e+05
 1.04293469e+03 2.59203520e+05
 1.04343135e+03 3.86200862e+05
 1.04392801e+03 5.13198204e+05
 1.04442467e+03 5.26641016e+05
 1.04492133e+03 4.91046836e+05
 1.04541798e+03 4.55452656e+05
 1.04591464e+03 3.59556217e+05
 1.04641130e+03 -6.76924024e+04
 1.04690796e+03 -4.94941022e+05
 1.04740462e+03 -9.22189642e+05
 1.04790128e+03 -7.22402653e+05
 1.04839794e+03 -1.15891127e+05
 1.04889460e+03 4.90620399e+05
 1.04939126e+03 1.03302854e+06
 1.04988792e+03 4.98389664e+05
 1.05038458e+03 -3.62492087e+04
 1.05088124e+03 -5.70888081e+05
 1.05137790e+03 -6.50753768e+05
 1.05187455e+03 -2.80942009e+05
 1.05237121e+03 8.88697499e+04
 1.05286787e+03 4.58681509e+05
 1.05336453e+03 1.78214186e+05
 1.05386119e+03 -1.39019360e+05
 1.05435785e+03 -4.56252906e+05
 1.05485451e+03 -1.13346597e+06
 1.05535117e+03 -2.38043963e+06
 1.05584783e+03 -3.62741329e+06
 1.05634449e+03 -4.87438695e+06
 1.05684115e+03 -5.27867789e+06
 1.05733781e+03 -5.50410252e+06
 1.05783447e+03 -5.72952716e+06
 1.05833113e+03 -6.03854502e+06
 1.05882778e+03 -6.58590519e+06
 1.05932444e+03 -7.13326537e+06
 1.05982110e+03 -7.68062555e+06
 1.06031776e+03 -8.13265064e+06
 1.06081442e+03 -8.54213133e+06
 1.06131108e+03 -8.95161202e+06
 1.06180774e+03 -9.04822172e+06
 1.06230440e+03 -6.85576660e+06
 1.06280106e+03 -4.66331147e+06
 1.06329772e+03 -2.47085635e+06
 1.06379438e+03 -8.05880164e+05
 1.06429104e+03 4.20640978e+05
 1.06478770e+03 1.64716212e+06
 1.06528435e+03 2.87368326e+06
 1.06578101e+03 2.25582884e+06
 1.06627767e+03 1.57886542e+06
 1.06677433e+03 9.01902001e+05
 1.06727099e+03 -3.43262292e+05
 1.06776765e+03 -2.48149242e+06
 1.06826431e+03 -4.61972256e+06
 1.06876097e+03 -6.75795269e+06
 1.06925763e+03 -7.36159403e+06
 1.06975429e+03 -7.59531295e+06
 1.07025095e+03 -7.82903187e+06
 1.07074761e+03 -8.07777944e+06
 1.07124427e+03 -8.37989781e+06
 1.07174092e+03 -8.68201618e+06
 1.07223758e+03 -8.98413455e+06
 1.07273424e+03 -8.32258452e+06
 1.07323090e+03 -7.09677440e+06
 1.07372756e+03 -5.87096428e+06
 1.07422422e+03 -4.64992201e+06
 1.07472088e+03 -3.54725897e+06
 1.07521754e+03 -2.44459593e+06
 1.07571420e+03 -1.34193289e+06
 1.07621086e+03 -8.87545521e+05
 1.07670752e+03 -1.24574737e+06
 1.07720418e+03 -1.60394921e+06
 1.07770084e+03 -1.96215105e+06
 1.07819750e+03 -2.00683256e+06
 1.07869415e+03 -1.99437175e+06
 1.07919081e+03 -1.98191094e+06
 1.07968747e+03 -1.67796362e+06
 1.08018413e+03 -4.75492909e+05
 1.08068079e+03 7.26977807e+05
 1.08117745e+03 1.92944852e+06
 1.08167411e+03 2.37674585e+06
 1.08217077e+03 2.40125226e+06
 1.08266743e+03 2.42575867e+06
 1.08316409e+03 2.43584347e+06
 1.08366075e+03 2.03933220e+06
 1.08415741e+03 1.64282093e+06
 1.08465407e+03 1.24630966e+06
 1.08515072e+03 5.80289800e+05
 1.08564738e+03 -4.51170384e+05
 1.08614404e+03 -1.48263057e+06
 1.08664070e+03 -2.51409075e+06
 1.08713736e+03 -1.75003238e+06
 1.08763402e+03 -5.69425511e+05
 1.08813068e+03 6.11181358e+05
 1.08862734e+03 1.47448534e+06
 1.08912400e+03 1.03587779e+06
 1.08962066e+03 5.97270231e+05
 1.09011732e+03 1.58662676e+05
 1.09061398e+03 8.31350494e+04
 1.09111064e+03 2.73495971e+05
 1.09160729e+03 4.63856893e+05
 1.09210395e+03 6.54217815e+05
 1.09260061e+03 -5.15130373e+05
 1.09309727e+03 -1.74765840e+06
 1.09359393e+03 -2.98018643e+06
 1.09409059e+03 -4.28788749e+06
 1.09458725e+03 -5.74754758e+06
 1.09508391e+03 -7.20720766e+06
 1.09558057e+03 -8.66686775e+06
 1.09607723e+03 -1.07674600e+07
 1.09657389e+03 -1.31383518e+07
 1.09707055e+03 -1.55092436e+07
 1.09756721e+03 -1.74192042e+07
 1.09806387e+03 -1.34591634e+07
 1.09856052e+03 -9.49912264e+06
 1.09905718e+03 -5.53908186e+06
 1.09955384e+03 -2.39799769e+06
 1.10005050e+03 -3.02280753e+05
 1.10054716e+03 1.79343618e+06
 1.10104382e+03 3.88915312e+06
 1.10154048e+03 5.49074273e+06
 1.10203714e+03 6.97094322e+06
 1.10253380e+03 8.45114372e+06
 1.10303046e+03 9.55178917e+06
 1.10352712e+03 8.70809449e+06
 1.10402378e+03 7.86439982e+06
 1.10452044e+03 7.02070514e+06
 1.10501709e+03 4.87327623e+06
 1.10551375e+03 1.52675549e+06
 1.10601041e+03 -1.81976526e+06
 1.10650707e+03 -5.16628601e+06
 1.10700373e+03 -9.97159757e+06
 1.10750039e+03 -1.49843204e+07
 1.10799705e+03 -1.99970433e+07
 1.10849371e+03 -2.33761084e+07
 1.10899037e+03 -2.11974358e+07
 1.10948703e+03 -1.90187631e+07
 1.10998369e+03 -1.68400904e+07
 1.11048035e+03 -1.43389687e+07
 1.11097701e+03 -1.16003475e+07
 1.11147366e+03 -8.86172621e+06
 1.11197032e+03 -6.12310498e+06
 1.11246698e+03 -1.62741761e+06
 1.11296364e+03 3.01778785e+06
 1.11346030e+03 7.66299332e+06
 1.11395696e+03 1.14093603e+07
 1.11445362e+03 1.26542333e+07
 1.11495028e+03 1.38991063e+07
 1.11544694e+03 1.51439792e+07
 1.11594360e+03 1.71290929e+07
 1.11644026e+03 1.95992537e+07
 1.11693692e+03 2.20694144e+07
 1.11743358e+03 2.45395752e+07
 1.11793024e+03 2.30408518e+07
 1.11842689e+03 2.12931559e+07
 1.11892355e+03 1.95454599e+07
 1.11942021e+03 1.77300336e+07
 1.11991687e+03 1.57359068e+07
 1.12041353e+03 1.37417801e+07
 1.12091019e+03 1.17476534e+07
 1.12140685e+03 9.69118902e+06
 1.12190351e+03 7.59415375e+06
 1.12240017e+03 5.49711849e+06
 1.12289683e+03 3.40008323e+06
 1.12339349e+03 4.60291520e+06
 1.12389015e+03 6.04003316e+06
 1.12438681e+03 7.47715111e+06
 1.12488346e+03 7.43593627e+06
 1.12538012e+03 3.15853506e+06
 1.12587678e+03 -1.11886614e+06
 1.12637344e+03 -5.39626735e+06
 1.12687010e+03 -7.62057259e+06
 1.12736676e+03 -8.36258212e+06
 1.12786342e+03 -9.10459165e+06
 1.12836008e+03 -9.84660118e+06
 1.12885674e+03 -3.20842873e+06
 1.12935340e+03 4.25163113e+06
 1.12985006e+03 1.17116910e+07
 1.13034672e+03 1.79418058e+07
 1.13084338e+03 1.97051315e+07
 1.13134003e+03 2.14684572e+07
 1.13183669e+03 2.32317830e+07
 1.13233335e+03 1.90675818e+07
 1.13283001e+03 9.62685773e+06
 1.13332667e+03 1.86133699e+05
 1.13382333e+03 -9.25459033e+06
 1.13431999e+03 -1.01803827e+07
 1.13481665e+03 -9.47511970e+06
 1.13531331e+03 -8.76985672e+06
 1.13580997e+03 -7.97226935e+06
 1.13630663e+03 -6.63668239e+06
 1.13680329e+03 -5.30109543e+06
 1.13729995e+03 -3.96550847e+06
 1.13779661e+03 -1.76500125e+06
 1.13829326e+03 1.48946488e+06
 1.13878992e+03 4.74393101e+06
 1.13928658e+03 7.99839713e+06
 1.13978324e+03 6.00419569e+06
 1.14027990e+03 2.27956106e+06
 1.14077656e+03 -1.44507357e+06
 1.14127322e+03 -5.02391897e+06
 1.14176988e+03 -5.85644402e+06
 1.14226654e+03 -6.68896906e+06
 1.14276320e+03 -7.52149411e+06
 1.14325986e+03 -8.69442585e+06
 1.14375652e+03 -1.05113381e+07
 1.14425318e+03 -1.23282504e+07
 1.14474983e+03 -1.41451627e+07
 1.14524649e+03 -1.25698300e+07
 1.14574315e+03 -9.07178012e+06
 1.14623981e+03 -5.57373024e+06
 1.14673647e+03 -2.07568036e+06
 1.14723313e+03 8.55036779e+05
 1.14772979e+03 3.74155606e+06
 1.14822645e+03 6.62807533e+06
 1.14872311e+03 9.16961149e+06
 1.14921977e+03 1.04459430e+07
 1.14971643e+03 1.17222745e+07
 1.15021309e+03 1.29986060e+07
 1.15070975e+03 1.43692996e+07
 1.15120640e+03 1.58351824e+07
 1.15170306e+03 1.73010652e+07
 1.15219972e+03 1.87669480e+07
 1.15269638e+03 2.01666553e+07
 1.15319304e+03 2.15475265e+07
 1.15368970e+03 2.29283978e+07
 1.15418636e+03 2.41764566e+07
 1.15468302e+03 2.31892482e+07
 1.15517968e+03 2.22020399e+07
 1.15567634e+03 2.12148316e+07
 1.15617300e+03 1.98378869e+07
 1.15666966e+03 1.76724581e+07
 1.15716632e+03 1.55070292e+07
 1.15766297e+03 1.33416003e+07
 1.15815963e+03 1.14412284e+07
 1.15865629e+03 9.71570768e+06
 1.15915295e+03 7.99018697e+06
 1.15964961e+03 6.26466626e+06
 1.16014627e+03 8.61123913e+06
 1.16064293e+03 1.15592129e+07
 1.16113959e+03 1.45071867e+07
 1.16163625e+03 1.67764767e+07
 1.16213291e+03 1.47759937e+07
 1.16262957e+03 1.27755107e+07
 1.16312623e+03 1.07750277e+07
 1.16362289e+03 9.92378718e+06
 1.16411955e+03 1.07961948e+07
 1.16461620e+03 1.16686024e+07
 1.16511286e+03 1.25410101e+07
 1.16560952e+03 8.71045833e+06
 1.16610618e+03 2.45668609e+06
 1.16660284e+03 -3.79708616e+06
 1.16709950e+03 -1.00508584e+07
 1.16759616e+03 -1.37522150e+07
 1.16809282e+03 -1.72223226e+07
 1.16858948e+03 -2.06924302e+07
 1.16908614e+03 -2.38372945e+07
 1.16958280e+03 -2.54047718e+07
 1.17007946e+03 -2.69722492e+07
 1.17057612e+03 -2.85397265e+07
 1.17107277e+03 -2.66481455e+07
 1.17156943e+03 -2.00189656e+07
 1.17206609e+03 -1.33897857e+07
 1.17256275e+03 -6.76060584e+06
 1.17305941e+03 -3.89750880e+06
 1.17355607e+03 -2.88834358e+06
 1.17405273e+03 -1.87917835e+06
 1.17454939e+03 -8.70013128e+05
 1.17504605e+03 1.36206688e+06
 1.17554271e+03 3.70734444e+06
 1.17603937e+03 6.05262201e+06
 1.17653603e+03 7.85269577e+06
 1.17703269e+03 6.73602545e+06
 1.17752934e+03 5.61935513e+06
 1.17802600e+03 4.50268481e+06
 1.17852266e+03 3.46479957e+06
 1.17901932e+03 2.54671093e+06
 1.17951598e+03 1.62862229e+06
 1.18001264e+03 7.10533655e+05
 1.18050930e+03 1.20614370e+06
 1.18100596e+03 2.52124036e+06
 1.18150262e+03 3.83633703e+06
 1.18199928e+03 5.15143369e+06
 1.18249594e+03 8.19196408e+06
 1.18299260e+03 1.14985761e+07
 1.18348926e+03 1.48051881e+07
 1.18398592e+03 1.74430478e+07
 1.18448257e+03 1.38405105e+07
 1.18497923e+03 1.02379731e+07
 1.18547589e+03 6.63543573e+06
 1.18597255e+03 3.87059977e+06
 1.18646921e+03 2.85163617e+06
 1.18696587e+03 1.83267256e+06
 1.18746253e+03 8.13708951e+05
 1.18795919e+03 6.15145636e+05
 1.18845585e+03 1.09124430e+06
 1.18895251e+03 1.56734297e+06
 1.18944917e+03 2.04344164e+06
 1.18994583e+03 5.51161124e+06
 1.19044249e+03 9.87206233e+06
 1.19093914e+03 1.42325134e+07
 1.19143580e+03 1.85929645e+07
 1.19193246e+03 1.88771170e+07
 1.19242912e+03 1.91154592e+07
 1.19292578e+03 1.93538013e+07
 1.19342244e+03 1.96036226e+07
 1.19391910e+03 1.98980874e+07
 1.19441576e+03 2.01925521e+07
 1.19491242e+03 2.04870169e+07
 1.19540908e+03 1.97197620e+07
 1.19590574e+03 1.74695713e+07
 1.19640240e+03 1.52193807e+07
 1.19689906e+03 1.29691900e+07
 1.19739571e+03 1.23171564e+07
 1.19789237e+03 1.26159184e+07
 1.19838903e+03 1.29146803e+07
 1.19888569e+03 1.32134423e+07
 1.19938235e+03 1.47814327e+07
 1.19987901e+03 1.66024385e+07
 1.20037567e+03 1.84234444e+07
 1.20087233e+03 2.03608212e+07
 1.20136899e+03 2.52733900e+07
 1.20186565e+03 3.01859589e+07
 1.20236231e+03 3.50985277e+07
 1.20285897e+03 3.88577950e+07
 1.20335563e+03 3.89356721e+07
 1.20385229e+03 3.90135492e+07
 1.20434894e+03 3.90914262e+07
 1.20484560e+03 4.28689641e+07
 1.20534226e+03 5.14224853e+07
 1.20583892e+03 5.99760064e+07
 1.20633558e+03 6.85295276e+07
 1.20683224e+03 7.43160980e+07
 1.20732890e+03 7.84881734e+07
 1.20782556e+03 8.26602488e+07
 1.20832222e+03 8.68323242e+07
 1.20881888e+03 8.79354214e+07
 1.20931554e+03 8.83811042e+07
 1.20981220e+03 8.88267870e+07
 1.21030886e+03 8.92155253e+07
 1.21080551e+03 8.51757977e+07
 1.21130217e+03 8.11360701e+07
 1.21179883e+03 7.70963425e+07
 1.21229549e+03 7.36390104e+07
 1.21279215e+03 7.25278700e+07
 1.21328881e+03 7.14167297e+07
 1.21378547e+03 7.03055894e+07
 1.21428213e+03 6.96009678e+07
 1.21477879e+03 6.95537629e+07
 1.21527545e+03 6.95065580e+07
 1.21577211e+03 6.94593531e+07
 1.21626877e+03 6.76202223e+07
 1.21676543e+03 6.43866229e+07
 1.21726208e+03 6.11530235e+07
 1.21775874e+03 5.79194240e+07
 1.21825540e+03 5.55769527e+07
 1.21875206e+03 5.35480681e+07
 1.21924872e+03 5.15191835e+07
 1.21974538e+03 4.94902988e+07
 1.22024204e+03 4.97973475e+07
 1.22073870e+03 5.03239429e+07
 1.22123536e+03 5.08505383e+07
 1.22173202e+03 5.14585936e+07
 1.22222868e+03 5.29375977e+07
 1.22272534e+03 5.44166019e+07
 1.22322200e+03 5.58956061e+07
 1.22371866e+03 5.78339910e+07
 1.22421531e+03 6.11213796e+07
 1.22471197e+03 6.44087682e+07
 1.22520863e+03 6.76961568e+07
 1.22570529e+03 6.78439885e+07
 1.22620195e+03 6.36487925e+07
 1.22669861e+03 5.94535965e+07
 1.22719527e+03 5.52584006e+07
 1.22769193e+03 4.86167251e+07
 1.22818859e+03 4.02193389e+07
 1.22868525e+03 3.18219527e+07
 1.22918191e+03 2.34245665e+07
 1.22967857e+03 1.49101720e+07
 1.23017523e+03 6.35506237e+06
 1.23067188e+03 -2.20004728e+06
 1.23116854e+03 -1.07551569e+07
 1.23166520e+03 -1.26586862e+07
 1.23216186e+03 -1.38114724e+07
 1.23265852e+03 -1.49642587e+07
 1.23315518e+03 -1.60125021e+07
 1.23365184e+03 -1.51686578e+07
 1.23414850e+03 -1.43248136e+07
 1.23464516e+03 -1.34809693e+07
 1.23514182e+03 -1.30193925e+07
 1.23563848e+03 -1.40568177e+07
 1.23613514e+03 -1.50942430e+07
 1.23663180e+03 -1.61316682e+07
 1.23712845e+03 -1.71972235e+07
 1.23762511e+03 -1.83147705e+07
 1.23812177e+03 -1.94323175e+07
 1.23861843e+03 -2.05498645e+07
 1.23911509e+03 -1.91424895e+07
 1.23961175e+03 -1.51699125e+07
 1.24010841e+03 -1.11973356e+07
 1.24060507e+03 -7.22475865e+06
 1.24110173e+03 -1.61008616e+06
 1.24159839e+03 4.93609082e+06
 1.24209505e+03 1.14822678e+07
 1.24259171e+03 1.80284448e+07
 1.24308837e+03 2.55390907e+07
 1.24358503e+03 3.33263441e+07
 1.24408168e+03 4.11135974e+07
 1.24457834e+03 4.89008507e+07
 1.24507500e+03 4.85678784e+07
 1.24557166e+03 4.74635715e+07
 1.24606832e+03 4.63592646e+07
 1.24656498e+03 4.49804572e+07
 1.24706164e+03 3.79650338e+07
 1.24755830e+03 3.09496103e+07
 1.24805496e+03 2.39341868e+07
 1.24855162e+03 1.68465927e+07
 1.24904828e+03 9.42269740e+06
 1.24954494e+03 1.99880210e+06
 1.25004160e+03 -5.42509320e+06
 1.25053825e+03 -1.09106938e+07
 1.25103491e+03 -1.19584287e+07
 1.25153157e+03 -1.30061636e+07
 1.25202823e+03 -1.40538985e+07
 1.25252489e+03 -1.38761131e+07
 1.25302155e+03 -1.20628712e+07
 1.25351821e+03 -1.02496293e+07
 1.25401487e+03 -8.43638737e+06
 1.25451153e+03 -6.57462135e+06
 1.25500819e+03 -4.67311914e+06
 1.25550485e+03 -2.77161693e+06
 1.25600151e+03 -8.70114723e+05
 1.25649817e+03 -8.56837244e+05
 1.25699482e+03 -1.78086952e+06
 1.25749148e+03 -2.70490179e+06
 1.25798814e+03 -3.62893407e+06
 1.25848480e+03 -2.31956641e+06
 1.25898146e+03 -3.94221132e+05
 1.25947812e+03 1.53112415e+06
 1.25997478e+03 3.45646943e+06
 1.26047144e+03 1.06287255e+06
 1.26096810e+03 -1.82971679e+06
 1.26146476e+03 -4.72230613e+06
 1.26196142e+03 -7.57754531e+06
 1.26245808e+03 -4.34897466e+06
 1.26295474e+03 -1.12040400e+06
 1.26345140e+03 2.10816665e+06
 1.26394805e+03 5.22126342e+06
 1.26444471e+03 7.42645035e+06
 1.26494137e+03 9.63163728e+06
 1.26543803e+03 1.18368242e+07
 1.26593469e+03 1.37380194e+07
 1.26643135e+03 1.45399378e+07
 1.26692801e+03 1.53418563e+07
 1.26742467e+03 1.61437748e+07
 1.26792133e+03 1.61315174e+07
 1.26841799e+03 1.43690193e+07
 1.26891465e+03 1.26065212e+07
 1.26941131e+03 1.08440231e+07
 1.26990797e+03 9.54763536e+06
 1.27040462e+03 8.90718347e+06
 1.27090128e+03 8.26673157e+06
 1.27139794e+03 7.62627967e+06
 1.27189460e+03 5.02855228e+06
 1.27239126e+03 5.53280548e+05
 1.27288792e+03 -3.92199118e+06
 1.27338458e+03 -8.39726291e+06
 1.27388124e+03 -1.16565885e+07
 1.27437790e+03 -1.41135041e+07
 1.27487456e+03 -1.65704198e+07
 1.27537122e+03 -1.90273355e+07
 1.27586788e+03 -1.86051141e+07
 1.27636454e+03 -1.68987551e+07
 1.27686119e+03 -1.51923961e+07
 1.27735785e+03 -1.34860370e+07
 1.27785451e+03 -9.23056024e+06
 1.27835117e+03 -4.24657136e+06
 1.27884783e+03 7.37417526e+05
 1.27934449e+03 5.72140641e+06
 1.27984115e+03 5.95839409e+06
 1.28033781e+03 5.42885037e+06
 1.28083447e+03 4.89930666e+06
 1.28133113e+03 4.36976295e+06
 1.28182779e+03 4.24199724e+06
 1.28232445e+03 4.13929652e+06
 1.28282111e+03 4.03659580e+06
 1.28331776e+03 3.92903567e+06
 1.28381442e+03 3.56576085e+06
 1.28431108e+03 3.20248602e+06
 1.28480774e+03 2.83921119e+06
 1.28530440e+03 2.64097042e+06
 1.28580106e+03 4.05063761e+06
 1.28629772e+03 5.46030480e+06
 1.28679438e+03 6.86997200e+06
 1.28729104e+03 7.87201716e+06
 1.28778770e+03 6.80504330e+06
 1.28828436e+03 5.73806944e+06
 1.28878102e+03 4.67109558e+06
 1.28927768e+03 4.23763707e+06
 1.28977434e+03 5.88781160e+06
 1.29027099e+03 7.53798613e+06
 1.29076765e+03 9.18816066e+06
 1.29126431e+03 1.07635294e+07
 1.29176097e+03 1.21633405e+07
 1.29225763e+03 1.35631517e+07
 1.29275429e+03 1.49629628e+07
 1.29325095e+03 1.63328297e+07
 1.29374761e+03 1.76498054e+07
 1.29424427e+03 1.89667810e+07
 1.29474093e+03 2.02837566e+07
 1.29523759e+03 2.13052665e+07
 1.29573425e+03 2.19208524e+07
 1.29623091e+03 2.25364383e+07
 1.29672756e+03 2.31520243e+07
 1.29722422e+03 2.30559745e+07
 1.29772088e+03 2.21830719e+07
 1.29821754e+03 2.13101693e+07
 1.29871420e+03 2.04372667e+07
 1.29921086e+03 1.91105691e+07
 1.29970752e+03 1.73846617e+07
 1.30020418e+03 1.56587542e+07
 1.30070084e+03 1.39328467e+07
 1.30119750e+03 1.36368859e+07
 1.30169416e+03 1.43638577e+07
 1.30219082e+03 1.50908295e+07
 1.30268748e+03 1.58178013e+07
 1.30318413e+03 1.60415388e+07
 1.30368079e+03 1.59709991e+07
 1.30417745e+03 1.59004594e+07
 1.30467411e+03 1.58299197e+07
 1.30517077e+03 1.70824842e+07
 1.30566743e+03 1.89688707e+07
 1.30616409e+03 2.08552573e+07
 1.30666075e+03 2.27416439e+07
 1.30715741e+03 2.83495370e+07
 1.30765407e+03 3.54169874e+07
 1.30815073e+03 4.24844379e+07
 1.30864739e+03 4.95518883e+07
 1.30914405e+03 6.61944558e+07
 1.30964071e+03 8.59017263e+07
 1.31013736e+03 1.05608997e+08
 1.31063402e+03 1.25316268e+08
 1.31113068e+03 1.45165377e+08
 1.31162734e+03 1.65051319e+08
 1.31212400e+03 1.84937261e+08
 1.31262066e+03 2.04823203e+08
 1.31311732e+03 2.11432320e+08
 1.31361398e+03 2.15268649e+08
 1.31411064e+03 2.19104977e+08
 1.31460730e+03 2.22941305e+08
 1.31510396e+03 2.12234810e+08
 1.31560062e+03 1.99115370e+08
 1.31609728e+03 1.85995931e+08
 1.31659393e+03 1.72876491e+08
 1.31709059e+03 1.53259600e+08
 1.31758725e+03 1.32800213e+08
 1.31808391e+03 1.12340827e+08
 1.31858057e+03 9.18814400e+07
 1.31907723e+03 7.20513904e+07
 1.31957389e+03 5.22837240e+07
 1.32007055e+03 3.25160576e+07
 1.32056721e+03 1.27483913e+07
 1.32106387e+03 7.84773868e+06
 1.32156053e+03 4.04067217e+06
 1.32205719e+03 2.33605657e+05
 1.32255385e+03 -3.57346085e+06
 1.32305050e+03 -8.18531324e+06
 1.32354716e+03 -1.28393254e+07
 1.32404382e+03 -1.74933376e+07
 1.32454048e+03 -2.21473498e+07
 1.32503714e+03 -2.81237569e+07
 1.32553380e+03 -3.41466622e+07
 1.32603046e+03 -4.01695674e+07
 1.32652712e+03 -4.61924727e+07
 1.32702378e+03 -5.38435867e+07
 1.32752044e+03 -6.15297703e+07
 1.32801710e+03 -6.92159540e+07
 1.32851376e+03 -7.69021376e+07
 1.32901042e+03 -7.83411591e+07
 1.32950708e+03 -7.97098719e+07
 1.33000373e+03 -8.10785847e+07
 1.33050039e+03 -8.24472976e+07
 1.33099705e+03 -8.38160104e+07
 1.33149371e+03 -8.51847232e+07
 1.33199037e+03 -8.65534360e+07
 1.33248703e+03 -8.79221489e+07
