0.0919928 0.000578288
0.0939784 0.000691301
0.095964 0.000609786
0.0979496 0.000546184
0.0999352 0.000932
0.101921 0.000852843
0.103906 0.00100256
0.105892 0.00119954
0.107878 0.00102317
0.109863 0.00123578
0.111849 0.00120843
0.113834 0.00116529
0.11582 0.000949361
0.117806 0.00110694
0.119791 0.00106061
0.121777 0.00124524
0.123762 0.000964273
0.125748 0.00101109
0.127734 0.000926125
0.129719 0.000916311
0.131705 0.00093722
0.13369 0.000838861
0.135676 0.000732923
0.137662 0.000689532
0.139647 0.000923798
0.141633 0.000741197
0.143618 0.000590534
0.145604 0.00023904
0.14759 6.65401e-05
0.149575 7.61449e-06
0.151561 2.83071e-05
0.153546 -6.31776e-05
0.155532 -0.000119105
0.157518 -0.000165701
0.159503 -0.000343319
0.161489 -0.000297864
0.163474 -0.000228328
0.16546 -7.38397e-05
0.167446 -5.19172e-05
0.169431 -4.9006e-05
0.171417 -2.73283e-05
0.173402 -0.000107622
0.175388 -9.70167e-05
0.177374 -0.000100749
0.179359 -9.02673e-05
0.181345 6.44538e-05
0.18333 0.000110703
0.185316 5.46389e-05
0.187302 -6.9512e-05
0.189287 9.76579e-05
0.191273 0.000121106
0.193258 0.000238033
0.195244 0.000274643
0.19723 0.000369309
0.199215 0.000584132
0.201201 0.00057329
0.203186 0.000410246
0.205172 0.000275831
0.207158 0.000240588
0.209143 0.000345359
0.211129 0.000254818
0.213114 0.000310952
0.2151 0.000374485
0.217086 0.000369984
0.219071 0.000476021
0.221057 0.000598864
0.223042 0.000740868
0.225028 0.000692218
0.227014 0.000639784
0.228999 0.000784398
0.230985 0.000731859
0.23297 0.000506918
0.234956 0.000412856
0.236942 0.000480785
0.238927 0.000587004
0.240913 0.000587646
0.242898 0.000716246
0.244884 0.000599356
0.24687 0.000494928
0.248855 0.000388324
0.250841 0.000469287
0.252826 0.000649807
0.254812 0.000582551
0.256798 0.000573591
0.258783 0.000612721
0.260769 0.000567682
0.262754 0.00056259
0.26474 0.000550925
0.266726 0.000720073
0.268711 0.000818005
0.270697 0.000850312
0.272682 0.000856036
0.274668 0.00092227
0.276654 0.000976394
0.278639 0.000945946
0.280625 0.000927495
0.28261 0.000916234
0.284596 0.00105076
0.286582 0.00115195
0.288567 0.0010719
0.290553 0.00122372
0.292538 0.00142237
0.294524 0.00133727
0.29651 0.00122453
0.298495 0.00110644
0.300481 0.00128627
0.302466 0.00121982
0.304452 0.00114544
0.306438 0.00127151
0.308423 0.00117849
0.310409 0.00113489
0.312394 0.00124339
0.31438 0.00134391
0.316366 0.00124721
0.318351 0.00122668
0.320337 0.0013865
0.322322 0.00137806
0.324308 0.00144509
0.326294 0.00161318
0.328279 0.00152353
0.330265 0.00154097
0.33225 0.00149737
0.334236 0.0015952
0.336222 0.00181264
0.338207 0.00190807
0.340193 0.00178703
0.342178 0.00175336
0.344164 0.00186868
0.34615 0.00203568
0.348135 0.00207085
0.350121 0.00199562
0.352106 0.00193973
0.354092 0.00205151
0.356078 0.00218436
0.358063 0.00232393
0.360049 0.00238337
0.362034 0.00236525
0.36402 0.00243787
0.366006 0.00248135
0.367991 0.00263059
0.369977 0.00270605
0.371962 0.00277245
0.373948 0.00277813
0.375934 0.00280791
0.377919 0.00299139
0.379905 0.00314941
0.38189 0.00319384
0.383876 0.00314054
0.385862 0.00320238
0.387847 0.00338762
0.389833 0.00343114
0.391818 0.00350321
0.393804 0.0034444
0.39579 0.0035244
0.397775 0.00363817
0.399761 0.00353841
0.401746 0.00344808
0.403732 0.00357179
0.405718 0.0036766
0.407703 0.00369787
0.409689 0.00384758
0.411674 0.00386156
0.41366 0.00399138
0.415646 0.00411765
0.417631 0.00405367
0.419617 0.0039688
0.421602 0.0040906
0.423588 0.00420702
0.425574 0.00434675
0.427559 0.00438264
0.429545 0.00433662
0.43153 0.00435864
0.433516 0.00435339
0.435502 0.0043862
0.437487 0.00447905
0.439473 0.00447246
0.441458 0.00449305
0.443444 0.0046183
0.44543 0.00464881
0.447415 0.00470473
0.449401 0.00482713
0.451386 0.00488949
0.453372 0.00482735
0.455358 0.00486954
0.457343 0.00496881
0.459329 0.00498547
0.461314 0.00489181
0.4633 0.00485754
0.465286 0.00494208
0.467271 0.00503151
0.469257 0.00511145
0.471242 0.0052029
0.473228 0.00535466
0.475214 0.00546295
0.477199 0.0055967
0.479185 0.00568868
0.48117 0.00553633
0.483156 0.00559585
0.485142 0.0059406
0.487127 0.00614995
0.489113 0.00601025
0.491098 0.00598238
0.493084 0.00606103
0.49507 0.00616359
0.497055 0.00634231
0.499041 0.00645384
0.501026 0.00648224
0.503012 0.00646993
0.504998 0.0065528
0.506983 0.00661487
0.508969 0.00648048
0.510954 0.0066331
0.51294 0.00673101
0.514926 0.00673843
0.516911 0.0068713
0.518897 0.00703802
0.520882 0.00704038
0.522868 0.0069824
0.524854 0.00703588
0.526839 0.00716994
0.528825 0.00720841
0.53081 0.00711108
0.532796 0.00707292
0.534782 0.00701668
0.536767 0.00703149
0.538753 0.00703169
0.540738 0.00705714
0.542724 0.00697057
0.54471 0.00684725
0.546695 0.00691693
0.548681 0.00694977
0.550666 0.00689694
0.552652 0.00684797
0.554638 0.00682875
0.556623 0.00672417
0.558609 0.00671318
0.560594 0.00662504
0.56258 0.00646164
0.564566 0.00638973
0.566551 0.00639697
0.568537 0.00628178
0.570522 0.00614683
0.572508 0.00616943
0.574494 0.00603606
0.576479 0.00593875
0.578465 0.00583529
0.58045 0.00565576
0.582436 0.00554712
0.584422 0.00558559
0.586407 0.00563082
0.588393 0.00561159
0.590378 0.00551244
0.592364 0.00550981
0.59435 0.00558309
0.596335 0.0056158
0.598321 0.00558319
0.600306 0.00547146
0.602292 0.0054112
0.604278 0.0054868
0.606263 0.00556854
0.608249 0.00563254
0.610234 0.00549565
0.61222 0.0053363
0.614206 0.00531072
0.616191 0.00540984
0.618177 0.00545328
0.620162 0.00542184
0.622148 0.00541914
0.624134 0.00555829
0.626119 0.00564822
0.628105 0.00567358
0.63009 0.00566863
0.632076 0.00567055
0.634062 0.00582923
0.636047 0.00585698
0.638033 0.00583343
0.640018 0.00590762
0.642004 0.00602744
0.64399 0.00617021
0.645975 0.00621614
0.647961 0.00618747
0.649946 0.00621349
0.651932 0.00630546
0.653918 0.00632209
0.655903 0.00645697
0.657889 0.00675064
0.659874 0.00689756
0.66186 0.00698076
0.663846 0.00703835
0.665831 0.00701594
0.667817 0.00683197
0.669802 0.00634579
0.671788 0.00526535
0.673774 0.00364232
0.675759 0.00227646
0.677745 0.00158911
0.67973 0.00121226
0.681716 0.00101549
0.683702 0.000839888
0.685687 0.000665294
0.687673 0.000567945
0.689658 0.000518572
0.691644 0.000424962
0.69363 0.000324597
0.695615 0.000247019
0.697601 0.000240146
0.699586 0.000251865
0.701572 0.000209648
0.703558 0.000205052
0.705543 0.00021847
0.707529 0.000212913
0.709514 0.000255425
0.7115 0.000256164
0.713486 0.00023815
0.715471 0.00025729
0.717457 0.000240288
0.719442 0.000209176
0.721428 0.000177131
0.723414 0.000155557
0.725399 0.000144386
0.727385 0.000141548
0.72937 0.000170394
0.731356 0.000195372
0.733342 0.000152366
0.735327 0.000115397
0.737313 0.000165632
0.739298 0.000199539
0.741284 0.000175474
0.74327 0.000168339
0.745255 0.000216352
0.747241 0.000198689
0.749226 0.000149743
0.751212 0.000157931
0.753198 0.000158758
0.755183 0.000167562
0.757169 0.000153755
0.759154 0.000147336
0.76114 0.000159569
0.763126 0.000185535
0.765111 0.000158262
0.767097 0.000133491
0.769082 0.000139906
0.771068 0.000152005
0.773054 0.000185544
0.775039 0.000213897
0.777025 0.00012959
0.77901 6.90538e-05
0.780996 7.62247e-05
0.782982 0.00011472
0.784967 0.000138537
0.786953 0.00016052
0.788938 0.000168212
0.790924 0.000172601
0.79291 0.000163382
0.794895 0.000180806
0.796881 0.000199297
0.798866 0.000165461
0.800852 0.000138347
0.802838 0.00014434
0.804823 9.85054e-05
0.806809 5.82264e-05
0.808794 5.49853e-05
0.81078 4.67852e-05
0.812766 4.16819e-05
0.814751 4.00438e-05
0.816737 4.73969e-05
0.818722 4.59291e-05
0.820708 2.38548e-05
0.822694 4.02809e-06
0.824679 4.24019e-05
0.826665 0.000136164
0.82865 0.000163302
0.830636 0.000142422
0.832622 0.000119731
0.834607 0.000107939
0.836593 6.961e-05
0.838578 3.43e-05
0.840564 5.70457e-05
0.84255 0.00011086
0.844535 0.0001001
0.846521 6.58756e-05
0.848506 8.06775e-05
0.850492 0.000139213
0.852478 0.000144244
0.854463 0.000136571
0.856449 0.000131409
0.858434 7.46933e-05
0.86042 5.6056e-05
0.862406 4.96986e-05
0.864391 6.31846e-05
0.866377 6.70219e-05
0.868362 6.09127e-05
0.870348 7.89542e-05
0.872334 0.000101862
0.874319 0.000103699
0.876305 0.000109341
0.87829 0.000122522
0.880276 0.000127781
0.882262 9.8186e-05
0.884247 6.31453e-05
0.886233 6.9083e-05
0.888218 7.98807e-05
0.890204 6.21564e-05
0.89219 7.70381e-05
0.894175 0.000104813
0.896161 0.000122086
0.898146 9.91019e-05
0.900132 7.14665e-05
0.902118 5.83033e-05
0.904103 7.78501e-05
0.906089 7.07789e-05
0.908074 5.47301e-05
0.91006 1.88929e-05
0.912046 1.02761e-05
0.914031 3.08414e-05
0.916017 7.82605e-05
0.918002 6.6227e-05
0.919988 5.10316e-05
0.921974 5.38324e-05
0.923959 6.85724e-05
0.925945 8.20184e-05
0.92793 5.62515e-05
0.929916 3.91166e-05
0.931902 5.5339e-05
0.933887 6.52915e-05
0.935873 5.78672e-05
0.937858 6.16284e-05
0.939844 5.16715e-05
0.94183 5.80713e-05
0.943815 7.53893e-05
0.945801 8.53852e-05
0.947786 9.76322e-05
0.949772 9.95796e-05
0.951758 7.4982e-05
0.953743 0.000104209
0.955729 0.000124712
0.957714 8.81891e-05
0.9597 5.1484e-05
0.961686 2.95476e-05
0.963671 8.4781e-06
0.965657 -2.27109e-05
0.967642 -3.02616e-05
0.969628 -2.11994e-05
0.971614 3.65499e-06
0.973599 5.69585e-06
0.975585 5.75945e-06
0.97757 -1.82174e-05
0.979556 -4.39107e-05
0.981542 -4.3101e-05
0.983527 -3.31293e-05
0.985513 4.8296e-05
0.987498 2.74535e-05
0.989484 2.11777e-05
0.99147 2.10388e-05
0.993455 3.53794e-05
0.995441 5.0765e-05
0.997426 5.93766e-05
0.999412 4.52768e-05
1.0014 4.81916e-05
1.00338 7.4179e-05
1.00537 0.000103703
1.00735 0.00011512
1.00934 9.28215e-05
1.01133 4.09904e-05
1.01331 2.18327e-05
1.0153 1.35855e-05
1.01728 -1.20077e-05
1.01927 -3.7887e-05
1.02125 -3.92888e-05
1.02324 -1.20006e-05
1.02522 -1.24441e-05
1.02721 -3.72549e-06
1.0292 6.29888e-06
1.03118 -2.56719e-06
1.03317 2.45052e-06
1.03515 6.25606e-06
1.03714 3.62773e-06
1.03912 -8.44637e-06
1.04111 -1.42496e-06
1.0431 3.47927e-06
1.04508 4.58029e-07
1.04707 -2.30464e-06
1.04905 1.67745e-06
1.05104 -6.97173e-07
1.05302 -2.814e-06
1.05501 -2.933e-05
1.05699 -4.32994e-05
1.05898 -5.71479e-05
1.06097 -5.35731e-05
1.06295 -2.19406e-06
1.06494 1.38117e-05
1.06692 -2.57756e-05
1.06891 -5.60137e-05
1.07089 -6.23747e-05
1.07288 -3.84116e-05
1.07486 -1.07437e-05
1.07685 -1.37337e-05
1.07884 -6.18579e-06
1.08082 1.65756e-05
1.08281 1.33653e-05
1.08479 -7.01921e-06
1.08678 -4.24301e-07
1.08876 3.40279e-06
1.09075 1.59063e-06
1.09274 -2.67935e-05
1.09472 -7.21954e-05
1.09671 -0.000101427
1.09869 -1.16985e-05
1.10068 4.50124e-05
1.10266 6.01539e-05
1.10465 -1.06355e-06
1.10663 -0.000124009
1.10862 -0.000129573
1.11061 -5.12023e-05
1.11259 6.30566e-05
1.11458 0.000119367
1.11656 0.00016505
1.11855 0.000121149
1.12053 6.26678e-05
1.12252 3.90564e-05
1.1245 7.40348e-06
1.12649 -6.34014e-05
1.12848 5.57106e-05
1.13046 0.000151493
1.13245 -1.74627e-05
1.13443 -5.96257e-05
1.13642 -1.73178e-05
1.1384 3.81597e-05
1.14039 -3.45087e-05
1.14238 -7.08808e-05
1.14436 -7.50641e-05
1.14635 1.66043e-05
1.14833 8.0465e-05
1.15032 0.000120276
1.1523 0.000161195
1.15429 0.000156885
1.15627 0.000105194
1.15826 5.91318e-05
1.16025 0.000104571
1.16223 8.03454e-05
1.16422 6.42043e-05
1.1662 -8.13471e-05
1.16819 -0.000175873
1.17017 -0.000160792
1.17216 -2.79956e-05
1.17414 1.86061e-05
1.17613 4.48469e-05
1.17812 1.51554e-05
1.1801 2.30764e-05
1.18209 9.42623e-05
1.18407 6.27665e-05
1.18606 1.10946e-05
1.18804 1.85365e-05
1.19003 0.00011175
1.19202 0.000141507
1.194 0.000141322
1.19599 9.6409e-05
1.19797 0.000104377
1.19996 0.00017104
1.20194 0.000275689
1.20393 0.000350922
1.20591 0.000551711
1.2079 0.000638791
1.20989 0.00060367
1.21187 0.000522482
1.21386 0.000504754
1.21584 0.000455677
1.21783 0.000381367
1.21981 0.000367386
1.2218 0.000401239
1.22378 0.000473809
1.22577 0.000411935
1.22776 0.000200318
1.22974 -3.49523e-05
1.23173 -0.000108814
1.23371 -9.96038e-05
1.2357 -0.000121121
1.23768 -0.000134835
1.23967 -2.73975e-05
1.24166 0.000160391
1.24364 0.00033765
1.24563 0.000290841
1.24761 9.47405e-05
1.2496 -7.49549e-05
1.25158 -9.11838e-05
1.25357 -4.07543e-05
1.25555 -1.12753e-05
1.25754 -8.73244e-06
1.25953 -3.68906e-06
1.26151 -1.98525e-05
1.2635 6.19165e-05
1.26548 0.000108463
1.26747 9.79144e-05
1.26945 6.23369e-05
1.27144 -1.22276e-05
1.27342 -0.000111375
1.27541 -0.000116483
1.2774 -1.27373e-05
1.27938 3.74886e-05
1.28137 2.96676e-05
1.28335 2.22293e-05
1.28534 4.4016e-05
1.28732 3.89324e-05
1.28931 6.05759e-05
1.2913 0.000103488
1.29328 0.000141933
1.29527 0.000164546
1.29725 0.000150709
1.29924 0.000110005
1.30122 0.000111277
1.30321 0.000117574
1.30519 0.000165
1.30718 0.000351446
1.30917 0.000838457
1.31115 0.00139064
1.31314 0.00157812
1.31512 0.00129082
1.31711 0.000742417
1.31909 0.00019128
1.32108 -1.35834e-05
1.32306 -0.000146286
1.32505 -0.000316427
1.32704 -0.000519034
1.32902 -0.000593557
1.33101 -0.00047125
