0.595166 0.011399
0.673497 0.0107956
0.751828 0.00899872
0.830159 0.00879716
0.90849 0.0109874
0.986822 0.0103135
1.06515 0.0114737
1.14348 0.0105439
1.22182 0.0101764
1.30015 0.00845934
1.37848 0.00703085
1.45681 0.00699913
1.53514 0.00709183
1.61347 0.00707639
1.6918 0.0062771
1.77013 0.00642018
1.84846 0.00677422
1.9268 0.00644239
2.00513 0.00454832
2.08346 0.00536159
2.16179 0.0053902
2.24012 0.00632227
2.31845 0.00589463
2.39678 0.00639216
2.47511 0.00596486
2.55345 0.00601005
2.63178 0.00590031
2.71011 0.005138
2.78844 0.00533596
2.86677 0.00549547
2.9451 0.00495152
3.02343 0.00529242
3.10176 0.00546131
3.1801 0.00555669
3.25843 0.00547701
3.33676 0.00511776
3.41509 0.00500366
3.49342 0.00513265
3.57175 0.00512396
3.65008 0.00533823
3.72841 0.00440505
3.80674 0.00527523
3.88508 0.0047545
3.96341 0.0048617
4.04174 0.00495855
4.12007 0.00485226
4.1984 0.00473916
4.27673 0.00485266
4.35506 0.00452546
4.43339 0.00418819
4.51173 0.00431309
4.59006 0.00442595
4.66839 0.00431104
4.74672 0.0044631
4.82505 0.0044577
4.90338 0.00436322
4.98171 0.00399193
5.06004 0.00411793
5.13838 0.00392741
5.21671 0.00446106
5.29504 0.0041989
5.37337 0.00411162
5.4517 0.00427982
5.53003 0.0042559
5.60836 0.00438508
5.68669 0.00456832
5.76502 0.00455601
5.84336 0.00452837
5.92169 0.00440872
6.00002 0.00483327
6.07835 0.00490193
6.15668 0.00469437
6.23501 0.00461945
6.31334 0.00405698
6.39167 0.00366856
6.47001 0.00426262
6.54834 0.00413769
6.62667 0.00419801
6.705 0.00422071
6.78333 0.00397047
6.86166 0.00397311
6.93999 0.00404304
7.01832 0.00410798
7.09666 0.00395343
7.17499 0.00405117
7.25332 0.00394533
7.33165 0.00374469
7.40998 0.00368918
7.48831 0.00340775
7.56664 0.00373976
7.64497 0.00365153
7.7233 0.00341093
7.80164 0.00357918
7.87997 0.00373681
7.9583 0.00375312
8.03663 0.00382993
8.11496 0.00353453
8.19329 0.00382005
8.27162 0.00384928
8.34995 0.00400645
8.42829 0.00399775
8.50662 0.0040133
8.58495 0.00381886
8.66328 0.00374012
8.74161 0.00352895
8.81994 0.00309621
8.89827 0.00327188
8.9766 0.00338181
9.05494 0.00312097
9.13327 0.00317788
9.2116 0.00351705
9.28993 0.00349808
9.36826 0.0035469
9.44659 0.00342935
9.52492 0.00381028
9.60325 0.0041896
9.68158 0.00430486
9.75992 0.00465189
9.83825 0.00471669
9.91658 0.00477142
9.99491 0.00477897
10.0732 0.00487108
10.1516 0.00475486
10.2299 0.00475858
10.3082 0.00462358
10.3866 0.00447199
10.4649 0.004543
10.5432 0.00448286
10.6216 0.0046125
10.6999 0.00476636
10.7782 0.00475692
10.8566 0.00481332
10.9349 0.00472104
11.0132 0.00461395
11.0915 0.00459224
11.1699 0.00450502
11.2482 0.00446981
11.3265 0.00411636
11.4049 0.00414837
11.4832 0.00349049
11.5615 0.0031361
11.6399 0.00280373
11.7182 0.00216124
11.7965 0.0020893
11.8749 0.00197081
11.9532 0.00200221
12.0315 0.00207057
12.1099 0.0019562
12.1882 0.00186475
12.2665 0.00192318
12.3448 0.00190243
12.4232 0.0019647
12.5015 0.0018196
12.5798 0.00187373
12.6582 0.00187469
12.7365 0.00196172
12.8148 0.0019071
12.8932 0.00188296
12.9715 0.00179547
13.0498 0.00178938
13.1282 0.00182093
13.2065 0.0019298
13.2848 0.00189434
13.3632 0.00181741
13.4415 0.0018199
13.5198 0.00172336
13.5981 0.00178981
13.6765 0.00167885
13.7548 0.00177815
13.8331 0.00166777
13.9115 0.00173521
13.9898 0.00169356
14.0681 0.00168679
14.1465 0.00168441
14.2248 0.00172884
14.3031 0.00174853
14.3815 0.00180898
14.4598 0.00164016
14.5381 0.00167699
14.6165 0.00164166
14.6948 0.00145475
14.7731 0.00173281
14.8514 0.00160132
14.9298 0.00162732
15.0081 0.00163014
15.0864 0.00154738
15.1648 0.0015436
15.2431 0.00155808
15.3214 0.0015377
15.3998 0.00148718
15.4781 0.00153681
15.5564 0.00147171
15.6348 0.00155353
15.7131 0.00143094
15.7914 0.00145282
15.8697 0.00144512
15.9481 0.00134943
16.0264 0.0014116
16.1047 0.0014358
16.1831 0.00150179
16.2614 0.00151018
16.3397 0.00136418
16.4181 0.00134046
16.4964 0.00140383
16.5747 0.00152926
16.6531 0.00142775
16.7314 0.00144441
16.8097 0.00148077
16.8881 0.001375
16.9664 0.00145638
17.0447 0.0013434
17.123 0.00123431
17.2014 0.00135989
17.2797 0.00123877
17.358 0.00133017
17.4364 0.00126324
17.5147 0.0012065
17.593 0.00129222
17.6714 0.00125512
17.7497 0.00121805
17.828 0.00133569
17.9064 0.00126434
17.9847 0.00129291
18.063 0.00120599
18.1414 0.00127086
18.2197 0.00130007
18.298 0.00131001
18.3763 0.00126981
18.4547 0.00128195
18.533 0.00127065
18.6113 0.00125018
18.6897 0.00119695
18.768 0.00116561
18.8463 0.00117313
18.9247 0.00108569
19.003 0.00122861
19.0813 0.00113489
19.1597 0.00117706
19.238 0.0011789
19.3163 0.00108346
19.3947 0.00120992
19.473 0.00120893
19.5513 0.00115748
19.6296 0.00120854
19.708 0.00124912
19.7863 0.00117815
19.8646 0.00116938
19.943 0.00114458
20.0213 0.00112285
20.0996 0.00112815
20.178 0.00105256
20.2563 0.00104896
20.3346 0.00102158
20.413 0.000945389
20.4913 0.00100867
20.5696 0.00107444
20.648 0.00101478
20.7263 0.00092102
20.8046 0.000913597
20.8829 0.000975012
20.9613 0.00110755
21.0396 0.00109147
21.1179 0.00103049
21.1963 0.00103131
21.2746 0.000920235
21.3529 0.00101382
21.4313 0.00107023
21.5096 0.000966741
21.5879 0.000981813
21.6663 0.000988428
21.7446 0.000967309
21.8229 0.000920944
21.9013 0.000906402
21.9796 0.000962952
22.0579 0.000837783
22.1362 0.00086393
22.2146 0.000865554
22.2929 0.000921845
22.3712 0.000932695
22.4496 0.000995561
22.5279 0.00091898
22.6062 0.000910538
22.6846 0.000991012
22.7629 0.000886245
22.8412 0.000832
22.9196 0.000883375
22.9979 0.000850727
23.0762 0.000865862
23.1546 0.000835823
23.2329 0.000777867
23.3112 0.000775033
23.3895 0.000769054
23.4679 0.000769325
23.5462 0.000756725
23.6245 0.000805228
23.7029 0.000772328
23.7812 0.000796048
23.8595 0.000820968
23.9379 0.000839218
24.0162 0.000811624
24.0945 0.000814164
24.1729 0.000788615
24.2512 0.000708007
24.3295 0.000703664
24.4079 0.000773721
24.4862 0.000792071
24.5645 0.000784247
24.6428 0.000759521
24.7212 0.000739643
24.7995 0.000728304
24.8778 0.000740443
24.9562 0.000720354
25.0345 0.000697788
25.1128 0.000663613
25.1912 0.000630184
25.2695 0.000672534
25.3478 0.000642084
25.4262 0.000676144
25.5045 0.000689015
25.5828 0.00064181
25.6611 0.000623778
25.7395 0.000638596
25.8178 0.000670059
25.8961 0.000631856
25.9745 0.000618503
26.0528 0.000643317
26.1311 0.000642775
26.2095 0.000680322
26.2878 0.000605732
26.3661 0.000648461
26.4445 0.000646999
26.5228 0.000658933
26.6011 0.000668139
26.6795 0.000646514
26.7578 0.000574978
26.8361 0.000641967
26.9144 0.000664578
26.9928 0.000595907
27.0711 0.000669858
27.1494 0.000593359
27.2278 0.000561312
27.3061 0.000618366
27.3844 0.000520752
27.4628 0.0005062
27.5411 0.000565833
27.6194 0.000586787
27.6978 0.000576796
27.7761 0.000559816
27.8544 0.000550571
27.9328 0.000506272
28.0111 0.000524771
28.0894 0.000499427
28.1677 0.000493617
28.2461 0.000537817
28.3244 0.000545328
28.4027 0.000452633
28.4811 0.000438709
28.5594 0.0004461
28.6377 0.000562535
28.7161 0.000435712
28.7944 0.000427703
28.8727 0.00051698
28.9511 0.000497574
29.0294 0.000448885
29.1077 0.000457186
29.1861 0.000489289
29.2644 0.000473051
29.3427 0.000489631
29.421 0.000462364
29.4994 0.000439284
29.5777 0.000460023
29.656 0.000412252
29.7344 0.000439362
29.8127 0.000400913
29.891 0.000388287
29.9694 0.000448142
30.0477 0.000412329
30.126 0.000431048
30.2044 0.000482888
30.2827 0.000446213
30.361 0.000448811
30.4394 0.000397778
30.5177 0.000441242
30.596 0.000464221
30.6743 0.000425694
30.7527 0.000352114
30.831 0.000414723
30.9093 0.000338266
30.9877 0.000398635
31.066 0.000432865
31.1443 0.000436486
31.2227 0.000350166
31.301 0.00039957
31.3793 0.000399452
31.4577 0.000400783
31.536 0.000359192
31.6143 0.000367388
31.6927 0.000421743
31.771 0.000403411
31.8493 0.000437685
31.9276 0.000401342
32.006 0.000334803
32.0843 0.000398436
32.1626 0.00037935
32.241 0.000358319
32.3193 0.000375109
32.3976 0.000413392
32.476 0.000339702
32.5543 0.000355855
32.6326 0.000395117
32.711 0.000359955
32.7893 0.000378098
32.8676 0.00033135
32.946 0.000316986
33.0243 0.000359283
33.1026 0.00037611
33.1809 0.000375986
33.2593 0.000399098
33.3376 0.000377348
33.4159 0.000357672
33.4943 0.000342589
33.5726 0.000288672
33.6509 0.000286286
33.7293 0.000316357
33.8076 0.000331328
33.8859 0.000376613
33.9643 0.000298741
34.0426 0.000390944
34.1209 0.0003841
34.1993 0.00031176
34.2776 0.000318772
34.3559 0.000354667
34.4342 0.000317942
34.5126 0.000348695
34.5909 0.000308627
34.6692 0.000269212
34.7476 0.000345878
34.8259 0.000310338
34.9042 0.000360794
34.9826 0.000338394
35.0609 0.000345522
35.1392 0.000331916
35.2176 0.000333146
35.2959 0.000319311
35.3742 0.000282353
35.4525 0.000308681
35.5309 0.000334275
35.6092 0.000342873
35.6875 0.00032313
35.7659 0.000293596
35.8442 0.00028801
35.9225 0.000246151
36.0009 0.000286621
36.0792 0.000354089
36.1575 0.000282061
36.2359 0.000311484
36.3142 0.000384037
36.3925 0.000333919
36.4709 0.000300697
36.5492 0.000330451
36.6275 0.00033529
36.7058 0.000287793
36.7842 0.000279906
36.8625 0.000338418
36.9408 0.000355261
37.0192 0.000313859
37.0975 0.000321627
37.1758 0.000295143
37.2542 0.000338036
37.3325 0.000335822
37.4108 0.000350803
37.4892 0.000290491
37.5675 0.000283361
37.6458 0.000237889
37.7242 0.000243954
37.8025 0.000289474
37.8808 0.000280263
37.9591 0.000248211
38.0375 0.000267717
38.1158 0.000242775
38.1941 0.000224553
38.2725 0.000149977
38.3508 -3.15394e-05
38.4291 -4.90873e-05
38.5075 0.00014063
38.5858 0.000153096
38.6641 0.00020034
38.7425 0.000232039
38.8208 0.000211955
38.8991 0.000187993
38.9775 0.000160726
39.0558 8.90845e-05
39.1341 0.000100106
39.2124 0.000135259
39.2908 0.00012481
39.3691 0.000152443
39.4474 0.00016121
39.5258 0.000158267
39.6041 0.000143556
39.6824 0.000162291
39.7608 0.000129038
39.8391 0.000152841
39.9174 0.000196878
39.9958 0.000137433
40.0741 0.000165082
40.1524 0.000216085
40.2308 0.00017293
40.3091 0.000145145
40.3874 0.00014096
40.4657 0.000140067
40.5441 0.000143869
40.6224 0.000125899
40.7007 0.000125867
40.7791 9.23456e-05
40.8574 9.95363e-05
40.9357 0.000117946
41.0141 9.55455e-05
41.0924 8.17485e-05
41.1707 0.000110884
41.2491 0.000102018
41.3274 0.000106966
41.4057 9.84703e-05
41.4841 9.04443e-05
41.5624 6.46621e-05
41.6407 5.6243e-05
41.719 8.14595e-05
41.7974 7.13066e-05
41.8757 5.24072e-05
41.954 5.46015e-05
42.0324 6.32847e-05
42.1107 3.87378e-05
42.189 6.13455e-05
42.2674 3.38654e-05
42.3457 4.27233e-05
42.424 5.33241e-05
42.5024 4.52789e-06
42.5807 5.16799e-05
42.659 5.98038e-05
42.7374 4.70359e-05
42.8157 4.3354e-05
42.894 3.34179e-05
42.9723 2.25532e-05
43.0507 4.38009e-05
43.129 3.07957e-05
43.2073 -5.8091e-06
43.2857 6.52499e-06
43.364 1.14093e-05
43.4423 9.28823e-05
43.5207 -2.81679e-06
43.599 -4.37052e-06
43.6773 1.63971e-05
43.7557 -3.14795e-06
43.834 -1.87171e-05
43.9123 2.15466e-05
43.9907 -5.86544e-06
44.069 -4.0629e-07
44.1473 3.75425e-05
44.2256 -4.08196e-05
44.304 1.08637e-05
44.3823 3.17566e-05
44.4606 -2.32647e-05
44.539 3.47504e-05
44.6173 7.54031e-06
44.6956 8.12368e-06
44.774 3.69789e-05
44.8523 2.99783e-05
44.9306 -9.34098e-06
45.009 1.23797e-05
45.0873 -1.41688e-06
45.1656 1.26367e-05
45.2439 1.90288e-05
45.3223 9.34149e-06
45.4006 1.05422e-05
45.4789 -3.00909e-05
45.5573 -4.71902e-05
45.6356 7.22228e-06
45.7139 4.60665e-06
45.7923 2.57937e-06
45.8706 -2.73875e-05
45.9489 -7.95146e-06
46.0273 -1.30957e-05
46.1056 -1.26575e-05
46.1839 -4.58591e-05
46.2623 -2.02963e-05
46.3406 -1.77013e-05
46.4189 -7.05804e-06
46.4972 -3.50935e-05
46.5756 -1.99998e-05
46.6539 -5.09633e-06
46.7322 -5.30475e-05
46.8106 -1.36554e-05
46.8889 4.02348e-06
46.9672 -6.2702e-05
47.0456 -2.12965e-05
47.1239 -4.97714e-05
47.2022 -2.81346e-05
47.2806 -5.25524e-05
47.3589 1.58419e-05
47.4372 -4.84568e-05
47.5156 -7.95172e-06
47.5939 -4.82778e-05
47.6722 -1.72195e-05
47.7505 -7.02811e-05
47.8289 -2.07027e-05
47.9072 -1.29195e-06
47.9855 -2.78422e-05
48.0639 -1.8082e-06
48.1422 -5.49043e-05
48.2205 -7.20468e-05
48.2989 -4.27085e-05
48.3772 -6.03136e-05
48.4555 -7.07877e-05
48.5339 -2.93939e-05
48.6122 -0.000102391
48.6905 -0.000103851
48.7689 -0.000133663
48.8472 -7.14796e-05
48.9255 -0.000135519
49.0038 -0.00110713
49.0822 -0.0004463
49.1605 -0.000707872
49.2388 -0.00137422
49.3172 -0.000241598
49.3955 -0.000371704
49.4738 -0.00111118
