0.01 0.0069727
0.01025 0.00675179
0.0105 0.00653816
0.01075 0.00633095
0.011 0.00613073
0.01125 0.00593663
0.0115 0.00574865
0.01175 0.0055665
0.012 0.00539018
0.01225 0.0052194
0.0125 0.00505415
0.01275 0.00489415
0.013 0.00473911
0.01325 0.00458931
0.0135 0.00444388
0.01375 0.00430311
0.014 0.00416701
0.01425 0.00403499
0.0145 0.00390704
0.01475 0.00378347
0.015 0.00349728
0.01505 0.00340023
0.0151 0.0035034
0.01515 0.0034763
0.0152 0.00327666
0.01525 0.00306099
0.0153 0.00360016
0.01535 0.00331134
0.0154 0.00306711
0.01545 0.00278185
0.0155 0.00296657
0.01555 0.00335855
0.0156 0.0031697
0.01565 0.00292985
0.0157 0.00263995
0.01575 0.00291297
0.0158 0.00311112
0.01585 0.0028059
0.0159 0.00287727
0.01595 0.00271097
0.016 0.00282624
0.01605 0.00332271
0.0161 0.00328861
0.01615 0.00307819
0.0162 0.00288365
0.01625 0.00297327
0.0163 0.00281202
0.01635 0.00270928
0.0164 0.00272321
0.01645 0.0027572
0.0165 0.00257677
0.01655 0.00305079
0.0166 0.00306682
0.01665 0.00337342
0.0167 0.00330988
0.01675 0.00302631
0.0168 0.00299484
0.01685 0.00337342
0.0169 0.00348008
0.01695 0.00343025
0.017 0.00394581
0.01705 0.00419499
0.0171 0.005468
0.01715 0.00821307
0.0172 0.0177682
0.01725 0.0486297
0.0173 0.0924739
0.01735 0.0993373
0.0174 0.130676
0.01745 0.0687419
0.0175 0.0184123
0.01755 0.00718312
0.0176 0.0041571
0.01765 0.00315863
0.0177 0.00282405
0.01775 0.00255491
0.0178 0.0025429
0.01785 0.00223977
0.0179 0.0024042
0.01795 0.0020399
0.018 0.00202367
0.01805 0.00178387
0.0181 0.00190873
0.01815 0.00181363
0.0182 0.0018862
0.01825 0.002033
0.0183 0.00165276
0.01835 0.0018588
0.0184 0.0020082
0.01845 0.00207135
0.0185 0.00192493
0.01855 0.00189975
0.0186 0.00189316
0.01865 0.00212751
0.0187 0.0019013
0.01875 0.00195524
0.0188 0.00198978
0.01885 0.00183062
0.0189 0.00171783
0.01895 0.00174654
0.019 0.00192525
0.01905 0.00194315
0.0191 0.00180678
0.01915 0.00181031
0.0192 0.00175476
0.01925 0.00189174
0.0193 0.00217338
0.01935 0.00252643
0.0194 0.00296424
0.01945 0.00426493
0.0195 0.00756549
0.01955 0.0152228
0.0196 0.0219207
0.01965 0.0146486
0.0197 0.00620825
0.01975 0.0034661
0.0198 0.00259586
0.01985 0.00253465
0.0199 0.00301669
0.01995 0.00391491
0.02 0.00369313
0.02005 0.00227854
0.0201 0.00145076
0.02015 0.00123821
0.0202 0.00116897
0.02025 0.00118873
0.0203 0.00117235
0.02035 0.00101724
0.0204 0.000961082
0.02045 0.00103082
0.0205 0.00113085
0.02055 0.00110138
0.0206 0.0010356
0.02065 0.00107095
0.0207 0.00106615
0.02075 0.0010004
0.0208 0.00109013
0.02085 0.000948491
0.0209 0.000975012
0.02095 0.000944994
0.021 0.000865256
0.02105 0.000794203
0.0211 0.000836666
0.02115 0.000902211
0.0212 0.000935639
0.02125 0.000848061
0.0213 0.000743755
0.02135 0.000713358
0.0214 0.00101608
0.02145 0.000846108
0.0215 0.000785168
0.02155 0.000834101
0.0216 0.000924943
0.02165 0.000817227
0.0217 0.000911129
0.02175 0.000834014
0.0218 0.000841067
0.02185 0.00079432
0.0219 0.000703711
0.02195 0.000699281
0.022 0.0007286
0.02225 0.000646297
0.0225 0.000640614
0.02275 0.00063496
0.023 0.000629365
0.02325 0.000623798
0.0235 0.00061829
0.02375 0.00061284
0.024 0.000607448
0.02425 0.000602086
0.0245 0.000596752
0.02475 0.000591507
0.025 0.00058629
0.02525 0.000581102
0.0255 0.000575973
0.02575 0.000570902
0.026 0.00056586
0.02625 0.000560876
0.0265 0.000555922
0.02675 0.000551026
0.027 0.000546158
0.02725 0.00054135
0.0275 0.00053657
0.02775 0.000531849
0.028 0.000527157
0.02825 0.000522494
0.0285 0.000517889
0.02875 0.000513313
0.029 0.000508796
0.02925 0.000504308
0.0295 0.000499849
0.02975 0.000495448
0.03 0.000491076
0.03025 0.000486734
0.0305 0.00048245
0.03075 0.000478195
0.031 0.000473969
0.03125 0.000469801
0.0315 0.000465634
0.03175 0.000461524
0.032 0.000457473
0.03225 0.000453422
0.0325 0.00044943
0.03275 0.000445466
0.033 0.000441532
0.03325 0.000437626
0.0335 0.000433779
0.03375 0.000429961
0.034 0.000426173
0.03425 0.000422413
0.0345 0.000418683
0.03475 0.000414981
0.035 0.000411309
0.03525 0.000407695
0.0355 0.000404082
0.03575 0.000400526
0.036 0.000397
0.03625 0.000393502
0.0365 0.000390034
0.03675 0.000386595
0.037 0.000383185
0.03725 0.000379805
0.0375 0.000376453
0.03775 0.000373131
0.038 0.000369837
0.03825 0.000366573
0.0385 0.000363338
0.03875 0.000360132
0.039 0.000356956
0.03925 0.000353808
0.0395 0.00035069
0.03975 0.0003476
0.04 0.000344511
0.04025 0.00034148
0.0405 0.000338478
0.04075 0.000335477
0.041 0.000332533
0.04125 0.000329589
0.0415 0.000326675
0.04175 0.00032379
0.042 0.000320934
0.04225 0.000318107
0.0425 0.000315309
0.04275 0.00031254
0.043 0.000309772
0.04325 0.000307032
0.0435 0.000304322
0.04375 0.00030164
0.044 0.000298988
0.04425 0.000296336
0.0445 0.000293742
0.04475 0.00029114
0.045 0.000288572
0.04525 0.000286025
0.0455 0.000283501
0.04575 0.000281001
0.046 0.000278523
0.04625 0.000276066
0.0465 0.00027363
0.04675 0.000271217
0.047 0.000268824
0.04725 0.000266452
0.0475 0.000264103
0.04775 0.000261771
0.048 0.000259463
0.04825 0.000257172
0.0485 0.000254905
0.04875 0.000252655
0.049 0.000250429
0.04925 0.000248219
0.0495 0.000246028
0.04975 0.000243859
0.05 0.000241706
0.05025 0.000239575
0.0505 0.000237462
0.05075 0.000235367
0.051 0.000233289
0.05125 0.000231231
0.0515 0.000229191
0.05175 0.000227172
0.052 0.000225167
0.05225 0.000223179
0.0525 0.000221212
0.05275 0.000219259
0.053 0.000217327
0.05325 0.000215409
0.0535 0.000213509
0.05375 0.000211626
0.054 0.000209758
0.05425 0.000207907
0.0545 0.000206074
0.05475 0.000204256
0.055 0.000202455
0.05525 0.000200668
0.0555 0.000198899
0.05575 0.000197142
0.056 0.000195405
0.05625 0.000193679
0.0565 0.000191971
0.05675 0.000190278
0.057 0.0001886
0.05725 0.000186935
0.0575 0.000185286
0.05775 0.000183651
0.058 0.000182033
0.05825 0.000180428
0.0585 0.000178833
0.05875 0.000177257
0.059 0.000175695
0.05925 0.000174144
0.0595 0.000172608
0.05975 0.000171084
0.06 0.000169574
0.06025 0.000168079
0.0605 0.000166596
0.06075 0.000165127
0.061 0.00016367
0.06125 0.000162227
0.0615 0.000160796
0.06175 0.000159377
0.062 0.000157972
0.06225 0.000156576
0.0625 0.000155195
0.06275 0.000153828
0.063 0.00015247
0.06325 0.000151126
0.0635 0.000149791
0.06375 0.000148471
0.064 0.00014716
0.06425 0.000145863
0.0645 0.000144575
0.06475 0.000143301
0.065 0.000142036
0.06525 0.000140783
0.0655 0.000139541
0.06575 0.000138312
0.066 0.00013709
0.06625 0.000135881
0.0665 0.000134683
0.06675 0.000133494
0.067 0.000132317
0.06725 0.000131148
0.0675 0.000129991
0.06775 0.000128846
0.068 0.000127709
0.06825 0.000126581
0.0685 0.000125465
0.06875 0.000124357
0.069 0.000123262
0.06925 0.000122175
0.0695 0.000121096
0.06975 0.00012003
0.07 0.000118969
