0.257334 0.0126404
0.294003 0.0113586
0.330672 0.0106237
0.367341 0.0113132
0.40401 0.0127619
0.440678 0.0152367
0.477347 0.01563
0.514016 0.0162218
0.550685 0.0152269
0.587354 0.014199
0.624022 0.0130409
0.660691 0.013008
0.69736 0.0125688
0.734029 0.0121797
0.770698 0.0115828
0.807366 0.0116791
0.844035 0.0117433
0.880704 0.0115588
0.917373 0.0105834
0.954042 0.0103809
0.99071 0.00978446
1.02738 0.00968487
1.06405 0.00986091
1.10072 0.00959422
1.13739 0.00910194
1.17405 0.00869708
1.21072 0.00842373
1.24739 0.00837018
1.28406 0.00803674
1.32073 0.00784843
1.3574 0.00762894
1.39407 0.0073859
1.43074 0.00718593
1.4674 0.00709492
1.50407 0.0066965
1.54074 0.00651773
1.57741 0.00652913
1.61408 0.00638508
1.65075 0.00639538
1.68742 0.00626607
1.72409 0.00623722
1.76076 0.00611733
1.79742 0.00583814
1.83409 0.00572756
1.87076 0.00572128
1.90743 0.00555798
1.9441 0.00529485
1.98077 0.00538678
2.01744 0.00523425
2.05411 0.00523315
2.09077 0.00501173
2.12744 0.00492155
2.16411 0.00487361
2.20078 0.00489273
2.23745 0.00473106
2.27412 0.00473763
2.31079 0.0045446
2.34746 0.00450357
2.38412 0.00414834
2.42079 0.00452694
2.45746 0.004359
2.49413 0.00433898
2.5308 0.00420471
2.56747 0.00417919
2.60414 0.0041221
2.64081 0.00403571
2.67748 0.00414987
2.71414 0.00401968
2.75081 0.00396716
2.78748 0.00394829
2.82415 0.0037738
2.86082 0.00391508
2.89749 0.00385155
2.93416 0.00377008
2.97083 0.00371227
3.00749 0.00366049
3.04416 0.00361775
3.08083 0.00369906
3.1175 0.00354566
3.15417 0.00354043
3.19084 0.00358138
3.22751 0.00353391
3.26418 0.0033721
3.30084 0.00335719
3.33751 0.00338006
3.37418 0.0033449
3.41085 0.00321055
3.44752 0.00324636
3.48419 0.00319782
3.52086 0.00315564
3.55753 0.00315153
3.5942 0.00315391
3.63086 0.00305604
3.66753 0.00303287
3.7042 0.00302022
3.74087 0.00302306
3.77754 0.00294507
3.81421 0.00298455
3.85088 0.00292937
3.88755 0.00282368
3.92421 0.00283892
3.96088 0.00279458
3.99755 0.00274643
4.03422 0.00269837
4.07089 0.00277891
4.10756 0.0028158
4.14423 0.00272093
4.1809 0.00268029
4.21756 0.00264735
4.25423 0.00268454
4.2909 0.00257539
4.32757 0.00258923
4.36424 0.00258938
4.40091 0.00253926
4.43758 0.00251638
4.47425 0.00252519
4.51092 0.00248658
4.54758 0.0025319
4.58425 0.0024357
4.62092 0.00243257
4.65759 0.00236077
4.69426 0.00230845
4.73093 0.00228423
4.7676 0.00230521
4.80427 0.00237561
4.84093 0.00232806
4.8776 0.00232196
4.91427 0.00225909
4.95094 0.00227059
4.98761 0.00226512
5.02428 0.00218035
5.06095 0.00216264
5.09762 0.00216683
5.13428 0.00208741
5.17095 0.00206879
5.20762 0.0020579
5.24429 0.00206441
5.28096 0.00200614
5.31763 0.00198354
5.3543 0.00193434
5.39097 0.00201144
5.42764 0.00199646
5.4643 0.00202582
5.50097 0.00195742
5.53764 0.00195113
5.57431 0.00193359
5.61098 0.00192834
5.64765 0.00183227
5.68432 0.0018277
5.72099 0.00183066
5.75765 0.00181104
5.79432 0.00179135
5.83099 0.00180492
5.86766 0.00177677
5.90433 0.00181935
5.941 0.00176653
5.97767 0.00176987
6.01434 0.00175796
6.051 0.00173438
6.08767 0.00169373
6.12434 0.00174448
6.16101 0.00164651
6.19768 0.00166803
6.23435 0.0015875
6.27102 0.00156797
6.30769 0.00157848
6.34436 0.00158419
6.38102 0.00154431
6.41769 0.00155817
6.45436 0.00154795
6.49103 0.00155025
6.5277 0.00151336
6.56437 0.00156975
6.60104 0.00153954
6.63771 0.00148423
6.67437 0.00146294
6.71104 0.0014727
6.74771 0.00143144
6.78438 0.00141695
6.82105 0.00145652
6.85772 0.00148034
6.89439 0.00142557
6.93106 0.00137493
6.96772 0.00139202
7.00439 0.00138783
7.04106 0.00137305
7.07773 0.0013723
7.1144 0.0013463
7.15107 0.0013129
7.18774 0.00131084
7.22441 0.00134973
7.26108 0.00129195
7.29774 0.00125977
7.33441 0.00124322
7.37108 0.00122978
7.40775 0.00121706
7.44442 0.00122581
7.48109 0.00122763
7.51776 0.00118518
7.55443 0.00120964
7.59109 0.0012012
7.62776 0.00120028
7.66443 0.0011804
7.7011 0.00118254
7.73777 0.00115741
7.77444 0.00114442
7.81111 0.0011268
7.84778 0.0011125
7.88444 0.00106246
7.92111 0.00109038
7.95778 0.00109297
7.99445 0.00109881
8.03112 0.00106571
8.06779 0.00106642
8.10446 0.00105999
8.14113 0.00105214
8.1778 0.00103812
8.21446 0.00101634
8.25113 0.00103462
8.2878 0.00102761
8.32447 0.00100402
8.36114 0.00101794
8.39781 0.000975626
8.43448 0.000996733
8.47115 0.000973389
8.50781 0.0009705
8.54448 0.000947757
8.58115 0.000928177
8.61782 0.000930366
8.65449 0.000931116
8.69116 0.000890068
8.72783 0.000896138
8.7645 0.000872058
8.80116 0.000862261
8.83783 0.000861881
8.8745 0.00090153
8.91117 0.000894413
8.94784 0.000864072
8.98451 0.000869894
9.02118 0.00086097
9.05785 0.000858586
9.09452 0.000842751
9.13118 0.000793736
9.16785 0.000814091
9.20452 0.000842157
9.24119 0.00082739
9.27786 0.00077567
9.31453 0.000756208
9.3512 0.00076255
9.38787 0.000747292
9.42453 0.000767506
9.4612 0.000778574
9.49787 0.000770808
9.53454 0.000778337
9.57121 0.000736041
9.60788 0.000751603
9.64455 0.000740171
9.68122 0.000738478
9.71788 0.000711859
9.75455 0.00069391
9.79122 0.000672836
9.82789 0.000698365
9.86456 0.000682568
9.90123 0.000676907
9.9379 0.000676062
9.97457 0.000691775
10.0112 0.0006701
10.0479 0.000640799
10.0846 0.000647047
10.1212 0.000623483
10.1579 0.000619096
10.1946 0.000634632
10.2312 0.000610889
10.2679 0.000600375
10.3046 0.000623607
10.3413 0.000654566
10.3779 0.000627784
10.4146 0.000575438
10.4513 0.000552795
10.4879 0.000573781
10.5246 0.000578342
10.5613 0.00057883
10.5979 0.000596241
10.6346 0.000572221
10.6713 0.000576418
10.7079 0.000574924
10.7446 0.000524183
10.7813 0.000550053
10.8179 0.000533469
10.8546 0.000559116
10.8913 0.000530161
10.928 0.000537638
10.9646 0.000559191
11.0013 0.000507481
11.038 0.000528205
11.0746 0.000518912
11.1113 0.000493304
11.148 0.000492422
11.1846 0.000535984
11.2213 0.000513928
11.258 0.000532205
11.2946 0.000508096
11.3313 0.000524148
11.368 0.000506604
11.4046 0.000470889
11.4413 0.000486893
11.478 0.000488862
11.5147 0.000476902
11.5513 0.000457251
11.588 0.000485293
11.6247 0.000467783
11.6613 0.000461991
11.698 0.000454152
11.7347 0.000430562
11.7713 0.0004359
11.808 0.000440568
11.8447 0.000427383
11.8813 0.000455794
11.918 0.000435794
11.9547 0.000432652
11.9914 0.000437183
12.028 0.0004137
12.0647 0.000438556
12.1014 0.000446324
12.138 0.000435138
12.1747 0.00041485
12.2114 0.000419615
12.248 0.000418841
12.2847 0.000419146
12.3214 0.000422485
12.358 0.000400609
12.3947 0.00040531
12.4314 0.000394218
12.468 0.000424942
12.5047 0.000431271
12.5414 0.000393704
12.5781 0.000383012
12.6147 0.000388254
12.6514 0.000376693
12.6881 0.000369393
12.7247 0.000389371
12.7614 0.000399411
12.7981 0.000374153
12.8347 0.000368529
12.8714 0.000375354
12.9081 0.00038559
12.9447 0.000379596
12.9814 0.000362041
13.0181 0.000377907
13.0547 0.00035633
13.0914 0.000362741
13.1281 0.000369925
13.1648 0.000360159
13.2014 0.000337405
13.2381 0.000362586
13.2748 0.000357725
13.3114 0.000347562
13.3481 0.000352528
13.3848 0.000334529
13.4214 0.000322086
13.4581 0.000342305
13.4948 0.000317598
13.5314 0.000324389
13.5681 0.000324542
13.6048 0.000340876
13.6414 0.000315934
13.6781 0.000302895
13.7148 0.000314688
13.7515 0.000316534
13.7881 0.000312021
13.8248 0.000303241
13.8615 0.000293567
13.8981 0.000303276
13.9348 0.000288149
13.9715 0.000281398
14.0081 0.000309965
14.0448 0.000311329
14.0815 0.000319922
14.1181 0.000301679
14.1548 0.000303957
14.1915 0.000290614
14.2281 0.000302902
14.2648 0.000309551
14.3015 0.000294844
14.3382 0.000296523
14.3748 0.000295821
14.4115 0.000309834
14.4482 0.000287168
14.4848 0.000277942
14.5215 0.0002871
14.5582 0.000288019
14.5948 0.000275015
14.6315 0.000280165
14.6682 0.000266089
14.7048 0.00028211
14.7415 0.000278229
14.7782 0.000274399
14.8148 0.000266105
14.8515 0.000252191
14.8882 0.000265177
14.9249 0.000262865
14.9615 0.000260839
14.9982 0.000253762
15.0349 0.000256943
15.0715 0.000273717
15.1082 0.000267616
15.1449 0.000246302
15.1815 0.000260623
15.2182 0.000258506
15.2549 0.000255053
15.2915 0.000247605
15.3282 0.000250345
15.3649 0.000231711
15.4015 0.000235122
15.4382 0.000255474
15.4749 0.000243548
15.5116 0.000246657
15.5482 0.000241377
15.5849 0.000236456
15.6216 0.00022703
15.6582 0.00022919
15.6949 0.000240645
15.7316 0.000232744
15.7682 0.000237541
15.8049 0.000222928
15.8416 0.000225913
15.8782 0.000236694
15.9149 0.00023441
15.9516 0.000222167
15.9882 0.000234771
16.0249 0.000226131
16.0616 0.000228057
16.0983 0.000221739
16.1349 0.000213183
16.1716 0.000214492
16.2083 0.000231675
16.2449 0.000228178
16.2816 0.000220832
16.3183 0.000219417
16.3549 0.000221413
16.3916 0.000213165
16.4283 0.000194724
16.4649 0.000210567
16.5016 0.000203444
16.5383 0.000197964
16.575 0.000197346
16.6116 0.000213218
16.6483 0.000220773
16.685 0.000212527
16.7216 0.00020862
16.7583 0.00019138
16.795 0.000184289
16.8316 0.000210598
16.8683 0.000206794
16.905 0.000200583
16.9416 0.000199021
16.9783 0.000208786
17.015 0.000203988
17.0516 0.00019637
17.0883 0.000201754
17.125 0.000179147
17.1617 0.00018252
17.1983 0.000201223
17.235 0.000192798
17.2717 0.000193215
17.3083 0.000196764
17.345 0.000199823
17.3817 0.000201664
17.4183 0.000201593
17.455 0.000189562
17.4917 0.000194098
17.5283 0.000195656
17.565 0.000184653
17.6017 0.000192509
17.6383 0.000185561
17.675 0.000172098
17.7117 0.000179083
17.7484 0.000181469
17.785 0.000179028
17.8217 0.000177621
17.8584 0.000172303
17.895 0.000171792
17.9317 0.000183187
17.9684 0.000174339
18.005 0.000177071
18.0417 0.000168213
18.0784 0.000169472
18.115 0.000160144
18.1517 0.000163548
18.1884 0.000174575
18.225 0.000173441
18.2617 0.000165457
18.2984 0.000159227
18.3351 0.000159865
18.3717 0.000161335
18.4084 0.00016318
18.4451 0.00015209
18.4817 0.00015559
18.5184 0.000160587
18.5551 0.00015674
18.5917 0.000168792
18.6284 0.00015124
18.6651 0.0001455
18.7017 0.000156626
18.7384 0.000162066
18.7751 0.000149496
18.8117 0.000157171
18.8484 0.000142846
18.8851 0.000149109
18.9218 0.000145334
18.9584 0.000161287
18.9951 0.000139397
19.0318 0.00013734
19.0684 0.0001396
19.1051 0.000151995
19.1418 0.000154036
19.1784 0.000138414
19.2151 0.000139211
19.2518 0.000153104
19.2884 0.000144057
19.3251 0.000145022
19.3618 0.000137711
19.3984 0.000135379
19.4351 0.000142942
19.4718 0.00014618
19.5085 0.000137974
19.5451 0.00015017
19.5818 0.000154347
19.6185 0.000147091
19.6551 0.000141131
19.6918 0.000128106
19.7285 0.000127647
19.7651 0.000130226
19.8018 0.000127506
19.8385 0.000121523
19.8751 0.000120772
19.9118 0.000119736
19.9485 0.000102954
19.9851 0.000114372
20.0218 0.000106776
20.0585 0.000104521
20.0952 0.000106853
20.1318 0.000111977
20.1685 0.000113183
20.2052 0.000100805
20.2418 9.50724e-05
20.2785 7.64879e-05
20.3152 9.34491e-05
20.3518 9.14478e-05
20.3885 0.000103367
20.4252 9.15527e-05
20.4618 8.07576e-05
20.4985 5.79839e-05
20.5352 6.80817e-05
20.5718 6.08118e-05
20.6085 4.9883e-05
20.6452 7.39233e-05
20.6819 7.69252e-05
20.7185 6.46521e-05
20.7552 5.81529e-05
20.7919 4.8087e-05
20.8285 4.74814e-05
20.8652 7.74107e-05
20.9019 6.47761e-05
20.9385 7.58214e-05
20.9752 6.69635e-05
21.0119 4.50059e-05
21.0485 5.94504e-05
21.0852 4.9747e-05
21.1219 5.41932e-05
21.1586 5.14808e-05
21.1952 3.92708e-05
21.2319 3.56353e-05
21.2686 3.77416e-05
21.3052 3.90874e-05
21.3419 4.18565e-05
21.3786 5.48512e-05
21.4152 4.34023e-05
21.4519 2.58187e-05
21.4886 4.64705e-05
21.5252 3.4714e-05
21.5619 1.06103e-05
21.5986 1.91742e-05
21.6352 3.44819e-05
21.6719 5.25182e-05
21.7086 7.4266e-05
21.7453 -3.13799e-06
21.7819 -5.60138e-05
21.8186 0.000186581
21.8553 8.86439e-05
21.8919 0.000101498
21.9286 0.000139618
21.9653 0.000189019
22.0019 0.000113633
22.0386 0.000216219
22.0753 0.000323895
22.1119 0.00022762
22.1486 9.79493e-05
22.1853 0.000250926
22.2219 0.000180382
22.2586 0.000226246
22.2953 0.000217877
22.332 0.0001199
22.3686 0.000149032
22.4053 0.000279277
22.442 0.000209118
22.4786 0.000341694
22.5153 0.000313595
22.552 0.000276904
22.5886 0.000224115
22.6253 0.000283928
22.662 0.000289654
22.6986 0.000306242
22.7353 0.000375856
22.772 0.000280765
22.8086 0.000364911
22.8453 0.00033725
22.882 0.000159596
22.9187 0.000252523
22.9553 8.50706e-05
22.992 0.000110664
23.0287 0.000170643
23.0653 7.38231e-05
23.102 2.89925e-05
23.1387 8.2694e-05
