 5.777470E+6 1.068310E-3 6.122450E+6 1.132100E-3 1.085300E+7 2.006810E-3    4
 1.100000E+7 2.034000E-3 1.120000E+7 4.388000E-3 1.140000E+7 7.615000E-3    5
 1.160000E+7 9.665000E-3 1.180000E+7 1.078000E-2 1.200000E+7 1.212000E-2    6
 1.220000E+7 1.362000E-2 1.240000E+7 1.523000E-2 1.260000E+7 1.691000E-2    7
 1.280000E+7 1.864000E-2 1.281140E+7 1.873980E-2 1.300000E+7 2.045000E-2    8
 1.320000E+7 2.236000E-2 1.337870E+7 2.418420E-2 1.340000E+7 2.441000E-2    9
 1.360000E+7 2.661000E-2 1.380000E+7 2.901000E-2 1.400000E+7 3.157000E-2   10
 1.420000E+7 3.521000E-2 1.440000E+7 3.931000E-2 1.449510E+7 4.142400E-2   11
 1.460000E+7 4.387000E-2 1.480000E+7 4.891000E-2 1.500000E+7 5.442000E-2   12
 1.510620E+7 5.747170E-2 1.520000E+7 6.029000E-2 1.540000E+7 6.641000E-2   13
 1.560000E+7 7.258000E-2 1.580000E+7 7.850000E-2 1.600000E+7 8.389000E-2   14
 1.605790E+7 8.519020E-2 1.620000E+7 8.845000E-2 1.640000E+7 9.199000E-2   15
 1.650750E+7 9.327100E-2 1.660000E+7 9.438000E-2 1.680000E+7 9.572000E-2   16
 1.700000E+7 9.615000E-2 1.712100E+7 9.601050E-2 1.719060E+7 9.593070E-2   17
 1.720000E+7 9.592000E-2 1.725910E+7 9.572380E-2 1.740000E+7 9.526000E-2   18
 1.760000E+7 9.448000E-2 1.780000E+7 9.355000E-2 1.800000E+7 9.248000E-2   19
 1.820000E+7 9.120000E-2 1.840000E+7 8.963000E-2 1.860000E+7 8.763000E-2   20
 1.880000E+7 8.515000E-2 1.883140E+7 8.468340E-2 1.886310E+7 8.421360E-2   21
 1.900000E+7 8.223000E-2 1.920000E+7 7.893000E-2 1.940000E+7 7.540000E-2   22
 1.948360E+7 7.386420E-2 1.948680E+7 7.380750E-2 1.949580E+7 7.364460E-2   23
 1.960000E+7 7.179000E-2 1.973920E+7 6.928870E-2 1.980000E+7 6.823000E-2   24
 1.988150E+7 6.684810E-2 1.988280E+7 6.682650E-2 2.000000E+7 6.490000E-2   25
 2.020000E+7 6.189000E-2 2.040000E+7 5.901000E-2 2.060000E+7 5.661000E-2   26
 2.063990E+7 5.621420E-2 2.080000E+7 5.466000E-2 2.100000E+7 5.331000E-2   27
 2.106350E+7 5.302470E-2 2.120000E+7 5.242000E-2 2.137250E+7 5.210050E-2   28
 2.140000E+7 5.205000E-2 2.160000E+7 5.225000E-2 2.180000E+7 5.297000E-2   29
 2.200000E+7 5.403000E-2 2.220000E+7 5.518000E-2 2.234630E+7 5.584500E-2   30
 2.240000E+7 5.609000E-2 2.260000E+7 5.637000E-2 2.280000E+7 5.569000E-2   31
 2.300000E+7 5.395000E-2 2.300850E+7 5.383250E-2 2.320000E+7 5.127000E-2   32
 2.340000E+7 4.799000E-2 2.349910E+7 4.621350E-2 2.360000E+7 4.448000E-2   33
 2.372480E+7 4.231130E-2 2.380000E+7 4.106000E-2 2.383060E+7 4.056770E-2   34
 2.393870E+7 3.888110E-2 2.400000E+7 3.796000E-2 2.420000E+7 3.531000E-2   35
 2.440000E+7 3.317000E-2 2.444010E+7 3.285010E-2 2.460000E+7 3.161000E-2   36
 2.478930E+7 3.068150E-2 2.480000E+7 3.063000E-2 2.500000E+7 3.025000E-2   37
 2.520000E+7 3.035000E-2 2.540000E+7 3.058000E-2 2.560000E+7 3.038000E-2   38
 2.580000E+7 2.918000E-2 2.600000E+7 2.701000E-2 2.603620E+7 2.652670E-2   39
 2.620000E+7 2.445000E-2 2.632790E+7 2.284520E-2 2.640000E+7 2.199000E-2   40
 2.646580E+7 2.126010E-2 2.660000E+7 1.985000E-2 2.680000E+7 1.810000E-2   41
 2.700000E+7 1.666000E-2 2.703030E+7 1.647310E-2 2.720000E+7 1.547000E-2   42
 2.740000E+7 1.450000E-2 2.750030E+7 1.407690E-2 2.760000E+7 1.367000E-2   43
 2.780000E+7 1.296000E-2 2.800000E+7 1.235000E-2 2.820000E+7 1.180000E-2   44
 2.840000E+7 1.131000E-2 2.860000E+7 1.088000E-2 2.880000E+7 1.049000E-2   45
 2.900000E+7 1.015000E-2 2.904740E+7 1.007090E-2 2.920000E+7 9.821000E-3   46
 2.932160E+7 9.643960E-3 2.940000E+7 9.532000E-3 2.943010E+7 9.491790E-3   47
 2.960000E+7 9.269000E-3 2.980000E+7 9.025000E-3 3.000000E+7 8.801000E-3   48
 3.020000E+7 8.619000E-3 3.023790E+7 8.582750E-3 3.035280E+7 8.474090E-3   49
 3.040000E+7 8.430000E-3 3.060000E+7 8.254000E-3 3.080000E+7 8.090000E-3   50
 3.097460E+7 7.957060E-3 3.100000E+7 7.938000E-3 3.109390E+7 7.870890E-3   51
 3.120000E+7 7.796000E-3 3.140000E+7 7.662000E-3 3.144890E+7 7.631160E-3   52
 3.160000E+7 7.537000E-3 3.180000E+7 7.420000E-3 3.188390E+7 7.373140E-3   53
 3.200000E+7 7.309000E-3 3.220000E+7 7.206000E-3 3.240000E+7 7.108000E-3   54
 3.260000E+7 7.016000E-3 3.280000E+7 6.929000E-3 3.300000E+7 6.847000E-3   55
 3.318550E+7 6.774630E-3 3.318740E+7 6.773880E-3 3.320000E+7 6.769000E-3   56
 3.339390E+7 6.699190E-3 3.340000E+7 6.697000E-3 3.360000E+7 6.627000E-3   57
 3.380000E+7 6.563000E-3 3.400000E+7 6.501000E-3 3.420000E+7 6.442000E-3   58
 3.428170E+7 6.419450E-3 3.440000E+7 6.387000E-3 3.460000E+7 6.333000E-3   59
 3.480000E+7 6.284000E-3 3.500000E+7 6.235000E-3 3.504900E+7 6.223920E-3   60
 3.520000E+7 6.190000E-3 3.540000E+7 6.146000E-3 3.560000E+7 6.105000E-3   61
 3.565140E+7 6.094670E-3 3.580000E+7 6.065000E-3 3.600000E+7 6.028000E-3   62
 3.620000E+7 5.992000E-3 3.640000E+7 5.957000E-3 3.660000E+7 5.924000E-3   63
 3.680000E+7 5.893000E-3 3.700000E+7 5.862000E-3 3.720000E+7 5.833000E-3   64
 3.726640E+7 5.823680E-3 3.740000E+7 5.805000E-3 3.760000E+7 5.779000E-3   65
 3.780000E+7 5.753000E-3 3.800000E+7 5.729000E-3 3.815540E+7 5.712660E-3   66
 3.820000E+7 5.708000E-3 3.840000E+7 5.688000E-3 3.860000E+7 5.669000E-3   67
 3.880000E+7 5.652000E-3 3.900000E+7 5.634000E-3 3.920000E+7 5.618000E-3   68
 3.925890E+7 5.612980E-3 3.940000E+7 5.601000E-3 3.960000E+7 5.587000E-3   69
 3.968640E+7 5.580510E-3 3.980000E+7 5.572000E-3 4.000000E+7 5.559000E-3   70
 4.107270E+7 5.501800E-3 4.150990E+7 5.479080E-3 4.151700E+7 5.478710E-3   71
 4.200000E+7 5.454000E-3 4.218710E+7 5.446980E-3 4.241560E+7 5.438470E-3   72
 4.315040E+7 5.411480E-3 4.388830E+7 5.384960E-3 4.391450E+7 5.384030E-3   73
 4.400000E+7 5.381000E-3 4.414940E+7 5.378250E-3 4.460310E+7 5.369950E-3   74
 4.600000E+7 5.345000E-3 4.621830E+7 5.344330E-3 4.766990E+7 5.339970E-3   75
 4.768510E+7 5.339930E-3 4.800000E+7 5.339000E-3 4.953880E+7 5.353680E-3   76
 5.000000E+7 5.358000E-3 5.009020E+7 5.359420E-3 5.136440E+7 5.379260E-3   77
 5.152290E+7 5.381700E-3 5.172780E+7 5.384840E-3 5.200000E+7 5.389000E-3   78
 5.400000E+7 5.434000E-3 5.427280E+7 5.441040E-3 5.440520E+7 5.444440E-3   79
 5.600000E+7 5.485000E-3 5.661310E+7 5.500470E-3 5.800000E+7 5.535000E-3   80
 5.802230E+7 5.535510E-3 5.804290E+7 5.535980E-3 5.838920E+7 5.543850E-3   81
 5.845060E+7 5.545240E-3 5.862660E+7 5.549220E-3 5.892600E+7 5.555980E-3   82
 5.966620E+7 5.572570E-3 6.000000E+7 5.580000E-3 6.171570E+7 5.606640E-3   83
 6.200000E+7 5.611000E-3 6.400000E+7 5.627000E-3 6.493360E+7 5.628880E-3   84
 6.568720E+7 5.630380E-3 6.600000E+7 5.631000E-3 6.669880E+7 5.626760E-3   85
 6.784800E+7 5.619900E-3 6.800000E+7 5.619000E-3 6.810550E+7 5.617770E-3   86
 6.927630E+7 5.604240E-3 7.000000E+7 5.596000E-3 7.038260E+7 5.589410E-3   87
 7.174700E+7 5.566240E-3 7.200000E+7 5.562000E-3 7.341340E+7 5.528610E-3   88
 7.400000E+7 5.515000E-3 7.417650E+7 5.510160E-3 7.456350E+7 5.499580E-3   89
 7.545490E+7 5.475520E-3 7.600000E+7 5.461000E-3 7.746690E+7 5.416040E-3   90
 7.800000E+7 5.400000E-3 7.982150E+7 5.340700E-3 8.000000E+7 5.335000E-3   91
 8.194410E+7 5.264980E-3 8.200000E+7 5.263000E-3 8.318750E+7 5.219320E-3   92
 8.347440E+7 5.208920E-3 8.400000E+7 5.190000E-3 8.511220E+7 5.147940E-3   93
 8.600000E+7 5.115000E-3 8.728420E+7 5.065870E-3 8.757950E+7 5.054740E-3   94
 8.778320E+7 5.047100E-3 8.800000E+7 5.039000E-3 9.000000E+7 4.961000E-3   95
 9.095060E+7 4.924520E-3 9.200000E+7 4.885000E-3 9.354890E+7 4.823560E-3   96
 9.400000E+7 4.806000E-3 9.422680E+7 4.797120E-3 9.446100E+7 4.788000E-3   97
 9.600000E+7 4.729000E-3 9.712070E+7 4.684370E-3 9.800000E+7 4.650000E-3   98
 9.848620E+7 4.631020E-3 9.852270E+7 4.629600E-3 1.000000E+8 4.573000E-3   99
 1.002990E+8 4.561290E-3 1.010820E+8 4.530980E-3 1.020000E+8 4.496000E-3  100
 1.033670E+8 4.443060E-3 1.035810E+8 4.434890E-3 1.040000E+8 4.419000E-3  101
 1.060000E+8 4.343000E-3 1.080000E+8 4.268000E-3 1.100000E+8 4.194000E-3  102
 1.114050E+8 4.141020E-3 1.120000E+8 4.119000E-3 1.122300E+8 4.110700E-3  103
 1.133470E+8 4.070910E-3 1.138480E+8 4.053300E-3 1.140000E+8 4.048000E-3  104
 1.157930E+8 3.982430E-3 1.160000E+8 3.975000E-3 1.165240E+8 3.956420E-3  105
 1.179170E+8 3.907850E-3 1.180000E+8 3.905000E-3 1.200000E+8 3.836000E-3  106
 1.215080E+8 3.786030E-3 1.220000E+8 3.770000E-3 1.240000E+8 3.704000E-3  107
 1.260000E+8 3.641000E-3 1.263330E+8 3.630700E-3 1.267520E+8 3.617830E-3  108
 1.276300E+8 3.591140E-3 1.280000E+8 3.580000E-3 1.300000E+8 3.521000E-3  109
 1.314860E+8 3.479960E-3 1.318270E+8 3.470700E-3 1.320000E+8 3.466000E-3  110
 1.328290E+8 3.442560E-3 1.340000E+8 3.410000E-3 1.355970E+8 3.369950E-3  111
 1.360000E+8 3.360000E-3 1.377220E+8 3.316870E-3 1.380000E+8 3.310000E-3  112
 1.400000E+8 3.265000E-3