5.77747e+06 0.00106831
6.12245e+06 0.0011321
1.0853e+07 0.00200681
1.1e+07 0.002034
1.12e+07 0.004388
1.14e+07 0.007615
1.16e+07 0.009665
1.18e+07 0.01078
1.2e+07 0.01212
1.22e+07 0.01362
1.24e+07 0.01523
1.26e+07 0.01691
1.28e+07 0.01864
1.28114e+07 0.0187398
1.3e+07 0.02045
1.32e+07 0.02236
1.33787e+07 0.0241842
1.34e+07 0.02441
1.36e+07 0.02661
1.38e+07 0.02901
1.4e+07 0.03157
1.42e+07 0.03521
1.44e+07 0.03931
1.44951e+07 0.041424
1.46e+07 0.04387
1.48e+07 0.04891
1.5e+07 0.05442
1.51062e+07 0.0574717
1.52e+07 0.06029
1.54e+07 0.06641
1.56e+07 0.07258
1.58e+07 0.0785
1.6e+07 0.08389
1.60579e+07 0.0851902
1.62e+07 0.08845
1.64e+07 0.09199
1.65075e+07 0.093271
1.66e+07 0.09438
1.68e+07 0.09572
1.7e+07 0.09615
1.7121e+07 0.0960105
1.71906e+07 0.0959307
1.72e+07 0.09592
1.72591e+07 0.0957238
1.74e+07 0.09526
1.76e+07 0.09448
1.78e+07 0.09355
1.8e+07 0.09248
1.82e+07 0.0912
1.84e+07 0.08963
1.86e+07 0.08763
1.88e+07 0.08515
1.88314e+07 0.0846834
1.88631e+07 0.0842136
1.9e+07 0.08223
1.92e+07 0.07893
1.94e+07 0.0754
1.94836e+07 0.0738642
1.94868e+07 0.0738075
1.94958e+07 0.0736446
1.96e+07 0.07179
1.97392e+07 0.0692887
1.98e+07 0.06823
1.98815e+07 0.0668481
1.98828e+07 0.0668265
2e+07 0.0649
2.02e+07 0.06189
2.04e+07 0.05901
2.06e+07 0.05661
2.06399e+07 0.0562142
2.08e+07 0.05466
2.1e+07 0.05331
2.10635e+07 0.0530247
2.12e+07 0.05242
2.13725e+07 0.0521005
2.14e+07 0.05205
2.16e+07 0.05225
2.18e+07 0.05297
2.2e+07 0.05403
2.22e+07 0.05518
2.23463e+07 0.055845
2.24e+07 0.05609
2.26e+07 0.05637
2.28e+07 0.05569
2.3e+07 0.05395
2.30085e+07 0.0538325
2.32e+07 0.05127
2.34e+07 0.04799
2.34991e+07 0.0462135
2.36e+07 0.04448
2.37248e+07 0.0423113
2.38e+07 0.04106
2.38306e+07 0.0405677
2.39387e+07 0.0388811
2.4e+07 0.03796
2.42e+07 0.03531
2.44e+07 0.03317
2.44401e+07 0.0328501
2.46e+07 0.03161
2.47893e+07 0.0306815
2.48e+07 0.03063
2.5e+07 0.03025
2.52e+07 0.03035
2.54e+07 0.03058
2.56e+07 0.03038
2.58e+07 0.02918
2.6e+07 0.02701
2.60362e+07 0.0265267
2.62e+07 0.02445
2.63279e+07 0.0228452
2.64e+07 0.02199
2.64658e+07 0.0212601
2.66e+07 0.01985
2.68e+07 0.0181
2.7e+07 0.01666
2.70303e+07 0.0164731
2.72e+07 0.01547
2.74e+07 0.0145
2.75003e+07 0.0140769
2.76e+07 0.01367
2.78e+07 0.01296
2.8e+07 0.01235
2.82e+07 0.0118
2.84e+07 0.01131
2.86e+07 0.01088
2.88e+07 0.01049
2.9e+07 0.01015
2.90474e+07 0.0100709
2.92e+07 0.009821
2.93216e+07 0.00964396
2.94e+07 0.009532
2.94301e+07 0.00949179
2.96e+07 0.009269
2.98e+07 0.009025
3e+07 0.008801
3.02e+07 0.008619
3.02379e+07 0.00858275
3.03528e+07 0.00847409
3.04e+07 0.00843
3.06e+07 0.008254
3.08e+07 0.00809
3.09746e+07 0.00795706
3.1e+07 0.007938
3.10939e+07 0.00787089
3.12e+07 0.007796
3.14e+07 0.007662
3.14489e+07 0.00763116
3.16e+07 0.007537
3.18e+07 0.00742
3.18839e+07 0.00737314
3.2e+07 0.007309
3.22e+07 0.007206
3.24e+07 0.007108
3.26e+07 0.007016
3.28e+07 0.006929
3.3e+07 0.006847
3.31855e+07 0.00677463
3.31874e+07 0.00677388
3.32e+07 0.006769
3.33939e+07 0.00669919
3.34e+07 0.006697
3.36e+07 0.006627
3.38e+07 0.006563
3.4e+07 0.006501
3.42e+07 0.006442
3.42817e+07 0.00641945
3.44e+07 0.006387
3.46e+07 0.006333
3.48e+07 0.006284
3.5e+07 0.006235
3.5049e+07 0.00622392
3.52e+07 0.00619
3.54e+07 0.006146
3.56e+07 0.006105
3.56514e+07 0.00609467
3.58e+07 0.006065
3.6e+07 0.006028
3.62e+07 0.005992
3.64e+07 0.005957
3.66e+07 0.005924
3.68e+07 0.005893
3.7e+07 0.005862
3.72e+07 0.005833
3.72664e+07 0.00582368
3.74e+07 0.005805
3.76e+07 0.005779
3.78e+07 0.005753
3.8e+07 0.005729
3.81554e+07 0.00571266
3.82e+07 0.005708
3.84e+07 0.005688
3.86e+07 0.005669
3.88e+07 0.005652
3.9e+07 0.005634
3.92e+07 0.005618
3.92589e+07 0.00561298
3.94e+07 0.005601
3.96e+07 0.005587
3.96864e+07 0.00558051
3.98e+07 0.005572
4e+07 0.005559
4.10727e+07 0.0055018
4.15099e+07 0.00547908
4.1517e+07 0.00547871
4.2e+07 0.005454
4.21871e+07 0.00544698
4.24156e+07 0.00543847
4.31504e+07 0.00541148
4.38883e+07 0.00538496
4.39145e+07 0.00538403
4.4e+07 0.005381
4.41494e+07 0.00537825
4.46031e+07 0.00536995
4.6e+07 0.005345
4.62183e+07 0.00534433
4.76699e+07 0.00533997
4.76851e+07 0.00533993
4.8e+07 0.005339
4.95388e+07 0.00535368
5e+07 0.005358
5.00902e+07 0.00535942
5.13644e+07 0.00537926
5.15229e+07 0.0053817
5.17278e+07 0.00538484
5.2e+07 0.005389
5.4e+07 0.005434
5.42728e+07 0.00544104
5.44052e+07 0.00544444
5.6e+07 0.005485
5.66131e+07 0.00550047
5.8e+07 0.005535
5.80223e+07 0.00553551
5.80429e+07 0.00553598
5.83892e+07 0.00554385
5.84506e+07 0.00554524
5.86266e+07 0.00554922
5.8926e+07 0.00555598
5.96662e+07 0.00557257
6e+07 0.00558
6.17157e+07 0.00560664
6.2e+07 0.005611
6.4e+07 0.005627
6.49336e+07 0.00562888
6.56872e+07 0.00563038
6.6e+07 0.005631
6.66988e+07 0.00562676
6.7848e+07 0.0056199
6.8e+07 0.005619
6.81055e+07 0.00561777
6.92763e+07 0.00560424
7e+07 0.005596
7.03826e+07 0.00558941
7.1747e+07 0.00556624
7.2e+07 0.005562
7.34134e+07 0.00552861
7.4e+07 0.005515
7.41765e+07 0.00551016
7.45635e+07 0.00549958
7.54549e+07 0.00547552
7.6e+07 0.005461
7.74669e+07 0.00541604
7.8e+07 0.0054
7.98215e+07 0.0053407
8e+07 0.005335
8.19441e+07 0.00526498
8.2e+07 0.005263
8.31875e+07 0.00521932
8.34744e+07 0.00520892
8.4e+07 0.00519
8.51122e+07 0.00514794
8.6e+07 0.005115
8.72842e+07 0.00506587
8.75795e+07 0.00505474
8.77832e+07 0.0050471
8.8e+07 0.005039
9e+07 0.004961
9.09506e+07 0.00492452
9.2e+07 0.004885
9.35489e+07 0.00482356
9.4e+07 0.004806
9.42268e+07 0.00479712
9.4461e+07 0.004788
9.6e+07 0.004729
9.71207e+07 0.00468437
9.8e+07 0.00465
9.84862e+07 0.00463102
9.85227e+07 0.0046296
1e+08 0.004573
1.00299e+08 0.00456129
1.01082e+08 0.00453098
1.02e+08 0.004496
1.03367e+08 0.00444306
1.03581e+08 0.00443489
1.04e+08 0.004419
1.06e+08 0.004343
1.08e+08 0.004268
1.1e+08 0.004194
1.11405e+08 0.00414102
1.12e+08 0.004119
1.1223e+08 0.0041107
1.13347e+08 0.00407091
1.13848e+08 0.0040533
1.14e+08 0.004048
1.15793e+08 0.00398243
1.16e+08 0.003975
1.16524e+08 0.00395642
1.17917e+08 0.00390785
1.18e+08 0.003905
1.2e+08 0.003836
1.21508e+08 0.00378603
1.22e+08 0.00377
1.24e+08 0.003704
1.26e+08 0.003641
1.26333e+08 0.0036307
1.26752e+08 0.00361783
1.2763e+08 0.00359114
1.28e+08 0.00358
1.3e+08 0.003521
1.31486e+08 0.00347996
1.31827e+08 0.0034707
1.32e+08 0.003466
1.32829e+08 0.00344256
1.34e+08 0.00341
1.35597e+08 0.00336995
1.36e+08 0.00336
1.37722e+08 0.00331687
1.38e+08 0.00331