 7.613120E+6 8.548060E-4
 1.018360E+7 1.143420E-3
 1.119730E+7 1.257240E-3
 1.140000E+7 1.280000E-3
 1.160000E+7 2.490000E-3
 1.180000E+7 3.700000E-3
 1.200000E+7 5.029000E-3
 1.220000E+7 6.436000E-3
 1.240000E+7 7.881000E-3
 1.260000E+7 9.343000E-3
 1.280000E+7 1.081000E-2
 1.300000E+7 1.228000E-2
 1.320000E+7 1.361000E-2
 1.340000E+7 1.502000E-2
 1.360000E+7 1.664000E-2
 1.380000E+7 1.870000E-2
 1.400000E+7 2.117000E-2
 1.420000E+7 2.404000E-2
 1.440000E+7 2.732000E-2
 1.460000E+7 3.101000E-2
 1.480000E+7 3.511000E-2
 1.500000E+7 3.962000E-2
 1.520000E+7 4.442000E-2
 1.540000E+7 4.942000E-2
 1.560000E+7 5.444000E-2
 1.580000E+7 5.926000E-2
 1.600000E+7 6.370000E-2
 1.620000E+7 6.764000E-2
 1.640000E+7 7.105000E-2
 1.660000E+7 7.394000E-2
 1.680000E+7 7.633000E-2
 1.700000E+7 7.816000E-2
 1.705570E+7 7.847420E-2
 1.720000E+7 7.929000E-2
 1.740000E+7 7.957000E-2
 1.760000E+7 7.897000E-2
 1.780000E+7 7.766000E-2
 1.800000E+7 7.601000E-2
 1.818550E+7 7.453390E-2
 1.820000E+7 7.442000E-2
 1.825060E+7 7.411060E-2
 1.840000E+7 7.321000E-2
 1.860000E+7 7.255000E-2
 1.880000E+7 7.234000E-2
 1.900000E+7 7.231000E-2
 1.913190E+7 7.215130E-2
 1.920000E+7 7.207000E-2
 1.940000E+7 7.129000E-2
 1.960000E+7 6.979000E-2
 1.980000E+7 6.767000E-2
 2.000000E+7 6.518000E-2
 2.008240E+7 6.409290E-2
 2.020000E+7 6.258000E-2
 2.025160E+7 6.193380E-2
 2.040000E+7 6.012000E-2
 2.049520E+7 5.901560E-2
 2.054250E+7 5.847730E-2
 2.060000E+7 5.783000E-2
 2.080000E+7 5.569000E-2
 2.082410E+7 5.542640E-2
 2.086720E+7 5.495960E-2
 2.100000E+7 5.355000E-2
 2.120000E+7 5.128000E-2
 2.140000E+7 4.878000E-2
 2.160000E+7 4.591000E-2
 2.180000E+7 4.291000E-2
 2.200000E+7 3.990000E-2
 2.220000E+7 3.696000E-2
 2.240000E+7 3.414000E-2
 2.260000E+7 3.150000E-2
 2.280000E+7 2.905000E-2
 2.300000E+7 2.680000E-2
 2.320000E+7 2.476000E-2
 2.340000E+7 2.294000E-2
 2.360000E+7 2.131000E-2
 2.380000E+7 1.985000E-2
 2.400000E+7 1.854000E-2
 2.420000E+7 1.738000E-2
 2.440000E+7 1.633000E-2
 2.460000E+7 1.540000E-2
 2.480000E+7 1.456000E-2
 2.500000E+7 1.379000E-2
 2.507410E+7 1.353330E-2
 2.510420E+7 1.343080E-2
 2.514360E+7 1.329780E-2
 2.520000E+7 1.311000E-2
 2.531760E+7 1.273530E-2
 2.540000E+7 1.248000E-2
 2.546980E+7 1.227760E-2
 2.560000E+7 1.191000E-2
 2.580000E+7 1.139000E-2
 2.600000E+7 1.091000E-2
 2.620000E+7 1.047000E-2
 2.640000E+7 1.007000E-2
 2.655020E+7 9.792920E-3
 2.660000E+7 9.703000E-3
 2.680000E+7 9.362000E-3
 2.700000E+7 9.047000E-3
 2.701690E+7 9.021930E-3
 2.720000E+7 8.755000E-3
 2.740000E+7 8.486000E-3
 2.754960E+7 8.298100E-3
 2.755250E+7 8.294540E-3
 2.760000E+7 8.236000E-3
 2.780000E+7 8.000000E-3
 2.781250E+7 7.985880E-3
 2.794070E+7 7.842330E-3
 2.800000E+7 7.777000E-3
 2.819960E+7 7.566360E-3
 2.820000E+7 7.566000E-3
 2.840000E+7 7.371000E-3
 2.844310E+7 7.330620E-3
 2.860000E+7 7.186000E-3
 2.868510E+7 7.112610E-3
 2.880000E+7 7.015000E-3
 2.900000E+7 6.853000E-3
 2.908220E+7 6.789960E-3
 2.920000E+7 6.701000E-3
 2.935340E+7 6.592490E-3
 2.940000E+7 6.560000E-3
 2.960000E+7 6.426000E-3
 2.980000E+7 6.301000E-3
 3.000000E+7 6.184000E-3
 3.020000E+7 6.073000E-3
 3.038910E+7 5.974590E-3
 3.040000E+7 5.969000E-3
 3.043900E+7 5.947530E-3
 3.060000E+7 5.860000E-3
 3.062330E+7 5.847750E-3
 3.080000E+7 5.756000E-3
 3.089310E+7 5.710550E-3
 3.100000E+7 5.659000E-3
 3.120000E+7 5.566000E-3
 3.140000E+7 5.480000E-3
 3.160000E+7 5.398000E-3
 3.180000E+7 5.322000E-3
 3.200000E+7 5.248000E-3
 3.220000E+7 5.179000E-3
 3.240000E+7 5.112000E-3
 3.260000E+7 5.048000E-3
 3.274940E+7 5.001570E-3
 3.280000E+7 4.986000E-3
 3.298650E+7 4.930010E-3
 3.300000E+7 4.926000E-3
 3.316470E+7 4.877350E-3
 3.320000E+7 4.867000E-3
 3.340000E+7 4.811000E-3
 3.360000E+7 4.755000E-3
 3.380000E+7 4.703000E-3
 3.387370E+7 4.683730E-3
 3.400000E+7 4.651000E-3
 3.416750E+7 4.609080E-3
 3.418540E+7 4.604620E-3
 3.420000E+7 4.601000E-3
 3.440000E+7 4.553000E-3
 3.448380E+7 4.533220E-3
 3.460000E+7 4.506000E-3
 3.466500E+7 4.491630E-3
 3.480000E+7 4.462000E-3
 3.500000E+7 4.419000E-3
 3.520000E+7 4.378000E-3
 3.533670E+7 4.351980E-3
 3.540000E+7 4.340000E-3
 3.560000E+7 4.304000E-3
 3.580000E+7 4.269000E-3
 3.582770E+7 4.264270E-3
 3.600000E+7 4.235000E-3
 3.615410E+7 4.211080E-3
 3.620000E+7 4.204000E-3
 3.640000E+7 4.174000E-3
 3.660000E+7 4.144000E-3
 3.680000E+7 4.116000E-3
 3.700000E+7 4.090000E-3
 3.707250E+7 4.080530E-3
 3.720000E+7 4.064000E-3
 3.740000E+7 4.040000E-3
 3.760000E+7 4.017000E-3
 3.780000E+7 3.998000E-3
 3.800000E+7 3.979000E-3
 3.820000E+7 3.962000E-3
 3.840000E+7 3.945000E-3
 3.860000E+7 3.930000E-3
 3.880000E+7 3.916000E-3
 3.900000E+7 3.901000E-3
 3.902920E+7 3.899240E-3
 3.920000E+7 3.889000E-3
 3.940000E+7 3.878000E-3
 3.944900E+7 3.875790E-3
 3.960000E+7 3.869000E-3
 3.980000E+7 3.861000E-3
 4.000000E+7 3.851000E-3
 4.029290E+7 3.844990E-3
 4.097560E+7 3.831190E-3
 4.138580E+7 3.823030E-3
 4.176810E+7 3.815520E-3
 4.191660E+7 3.812620E-3
 4.200000E+7 3.811000E-3
 4.212890E+7 3.818470E-3
 4.355100E+7 3.900350E-3
 4.400000E+7 3.926000E-3
 4.455720E+7 4.005470E-3
 4.491640E+7 4.057030E-3
 4.561450E+7 4.157900E-3
 4.600000E+7 4.214000E-3
 4.717500E+7 4.446090E-3
 4.800000E+7 4.613000E-3
 4.812910E+7 4.640310E-3
 4.887020E+7 4.798790E-3
 4.895350E+7 4.816790E-3
 4.919800E+7 4.869830E-3
 4.938370E+7 4.910310E-3
 5.000000E+7 5.046000E-3
 5.148030E+7 5.345010E-3
 5.150710E+7 5.350500E-3
 5.166220E+7 5.382340E-3
 5.173420E+7 5.397150E-3
 5.200000E+7 5.452000E-3
 5.214380E+7 5.475430E-3
 5.382700E+7 5.752280E-3
 5.400000E+7 5.781000E-3
 5.436130E+7 5.825520E-3
 5.600000E+7 6.028000E-3
 5.657730E+7 6.068010E-3
 5.800000E+7 6.166000E-3
 5.984330E+7 6.182610E-3
 6.000000E+7 6.184000E-3
 6.038680E+7 6.170020E-3
 6.074030E+7 6.157350E-3
 6.092570E+7 6.150740E-3
 6.180630E+7 6.119740E-3
 6.200000E+7 6.113000E-3
 6.346600E+7 6.000000E-3
 6.400000E+7 5.960000E-3
 6.476340E+7 5.891560E-3
 6.488110E+7 5.881150E-3
 6.493910E+7 5.876020E-3
 6.494240E+7 5.875730E-3
 6.583600E+7 5.798030E-3
 6.600000E+7 5.784000E-3
 6.686700E+7 5.706830E-3
 6.800000E+7 5.609000E-3
 6.952330E+7 5.487070E-3
 7.000000E+7 5.450000E-3
 7.200000E+7 5.304000E-3
 7.302960E+7 5.236750E-3
 7.400000E+7 5.175000E-3
 7.415060E+7 5.165210E-3
 7.436850E+7 5.151100E-3
 7.455740E+7 5.138940E-3
 7.466580E+7 5.131990E-3
 7.536250E+7 5.087770E-3
 7.600000E+7 5.048000E-3
 7.715630E+7 4.979060E-3
 7.739640E+7 4.965000E-3
 7.800000E+7 4.930000E-3
 7.909910E+7 4.863870E-3
 7.994010E+7 4.814480E-3
 8.000000E+7 4.811000E-3
 8.027380E+7 4.795630E-3
 8.130370E+7 4.738700E-3
 8.200000E+7 4.701000E-3
 8.400000E+7 4.590000E-3
 8.600000E+7 4.487000E-3
 8.685100E+7 4.445190E-3
 8.800000E+7 4.390000E-3
 9.000000E+7 4.294000E-3
 9.014930E+7 4.286840E-3
 9.085160E+7 4.253470E-3
 9.120090E+7 4.237060E-3
 9.172190E+7 4.212830E-3
 9.200000E+7 4.200000E-3
 9.251830E+7 4.177100E-3
 9.400000E+7 4.113000E-3
 9.454520E+7 4.088360E-3
 9.559310E+7 4.041800E-3
 9.569080E+7 4.037510E-3
 9.600000E+7 4.024000E-3
 9.800000E+7 3.936000E-3
 9.893260E+7 3.897340E-3
 9.904100E+7 3.892900E-3
 1.000000E+8 3.854000E-3
 1.020000E+8 3.774000E-3
 1.024230E+8 3.757460E-3
 1.040000E+8 3.697000E-3
 1.050990E+8 3.654310E-3
 1.060000E+8 3.620000E-3
 1.066500E+8 3.595650E-3
 1.070640E+8 3.580290E-3
 1.079860E+8 3.546510E-3
 1.080000E+8 3.546000E-3
 1.087370E+8 3.519140E-3
 1.100000E+8 3.474000E-3
 1.110000E+8 3.438160E-3
 1.120000E+8 3.403000E-3
 1.130500E+8 3.367500E-3
 1.140000E+8 3.336000E-3
 1.158480E+8 3.272150E-3
 1.160000E+8 3.267000E-3
 1.180000E+8 3.203000E-3
 1.193750E+8 3.159440E-3
 1.200000E+8 3.140000E-3
 1.220000E+8 3.081000E-3
 1.221110E+8 3.077680E-3
 1.228060E+8 3.056970E-3
 1.236680E+8 3.031650E-3
 1.240000E+8 3.022000E-3
 1.260000E+8 2.965000E-3
 1.263370E+8 2.955940E-3
 1.266200E+8 2.948380E-3
 1.280000E+8 2.912000E-3
 1.280590E+8 2.910410E-3
 1.300000E+8 2.859000E-3
 1.301350E+8 2.855510E-3
 1.320000E+8 2.808000E-3
 1.340000E+8 2.761000E-3
 1.360000E+8 2.716000E-3
 1.380000E+8 2.673000E-3
 1.387860E+8 2.657140E-3
 1.400000E+8 2.633000E-3