 8.271040E+6 0.000000E+0 8.700000E+6 6.460000E-5 8.800000E+6 9.830000E-5    4
 8.900000E+6 1.390000E-4 9.000000E+6 1.867000E-4 9.100000E+6 2.414000E-4    5
 9.200000E+6 3.031000E-4 9.300000E+6 3.719000E-4 9.400000E+6 4.477000E-4    6
 9.500000E+6 5.305000E-4 9.600000E+6 6.204000E-4 9.700000E+6 7.172000E-4    7
 9.800000E+6 8.211000E-4 9.900000E+6 9.321000E-4 1.000000E+7 9.690000E-4    8
 1.010000E+7 1.166000E-3 1.020000E+7 1.452000E-3 1.030000E+7 1.894000E-3    9
 1.040000E+7 2.609000E-3 1.050000E+7 3.710000E-3 1.060000E+7 4.892000E-3   10
 1.070000E+7 4.996000E-3 1.080000E+7 3.958000E-3 1.090000E+7 2.936000E-3   11
 1.100000E+7 2.287000E-3 1.110000E+7 1.914000E-3 1.120000E+7 1.702000E-3   12
 1.130000E+7 1.585000E-3 1.140000E+7 1.526000E-3 1.150000E+7 1.506000E-3   13
 1.160000E+7 1.515000E-3 1.170000E+7 1.548000E-3 1.180000E+7 1.607000E-3   14
 1.190000E+7 1.697000E-3 1.200000E+7 1.835000E-3 1.210000E+7 2.057000E-3   15
 1.220000E+7 2.451000E-3 1.230000E+7 3.243000E-3 1.240000E+7 4.911000E-3   16
 1.250000E+7 6.702000E-3 1.260000E+7 5.308000E-3 1.270000E+7 3.672000E-3   17
 1.280000E+7 2.949000E-3 1.290000E+7 2.671000E-3 1.300000E+7 2.599000E-3   18
 1.310000E+7 2.646000E-3 1.320000E+7 2.790000E-3 1.330000E+7 3.045000E-3   19
 1.340000E+7 3.467000E-3 1.350000E+7 4.166000E-3 1.360000E+7 5.296000E-3   20
 1.370000E+7 6.719000E-3 1.380000E+7 7.245000E-3 1.390000E+7 6.326000E-3   21
 1.400000E+7 5.291000E-3 1.410000E+7 4.733000E-3 1.420000E+7 4.590000E-3   22
 1.430000E+7 4.788000E-3 1.440000E+7 5.352000E-3 1.450000E+7 6.358000E-3   23
 1.460000E+7 7.510000E-3 1.470000E+7 7.702000E-3 1.480000E+7 6.953000E-3   24
 1.490000E+7 6.363000E-3 1.500000E+7 6.224000E-3 1.510000E+7 6.465000E-3   25
 1.520000E+7 7.038000E-3 1.530000E+7 7.954000E-3 1.540000E+7 9.227000E-3   26
 1.550000E+7 1.072000E-2 1.560000E+7 1.198000E-2 1.570000E+7 1.251000E-2   27
 1.580000E+7 1.252000E-2 1.590000E+7 1.261000E-2 1.600000E+7 1.312000E-2   28
 1.610000E+7 1.403000E-2 1.620000E+7 1.509000E-2 1.630000E+7 1.592000E-2   29
 1.640000E+7 1.624000E-2 1.650000E+7 1.609000E-2 1.660000E+7 1.589000E-2   30
 1.670000E+7 1.613000E-2 1.680000E+7 1.726000E-2 1.690000E+7 1.918000E-2   31
 1.700000E+7 2.028000E-2 1.710000E+7 1.931000E-2 1.720000E+7 1.803000E-2   32
 1.730000E+7 1.782000E-2 1.740000E+7 1.873000E-2 1.750000E+7 2.037000E-2   33
 1.760000E+7 2.207000E-2 1.770000E+7 2.315000E-2 1.780000E+7 2.367000E-2   34
 1.790000E+7 2.439000E-2 1.800000E+7 2.598000E-2 1.810000E+7 2.843000E-2   35
 1.820000E+7 3.073000E-2 1.830000E+7 3.148000E-2 1.840000E+7 3.059000E-2   36
 1.850000E+7 2.939000E-2 1.860000E+7 2.893000E-2 1.870000E+7 2.934000E-2   37
 1.880000E+7 3.022000E-2 1.890000E+7 3.097000E-2 1.900000E+7 3.121000E-2   38
 1.910000E+7 3.102000E-2 1.920000E+7 3.080000E-2 1.930000E+7 3.094000E-2   39
 1.940000E+7 3.160000E-2 1.950000E+7 3.277000E-2 1.960000E+7 3.430000E-2   40
 1.970000E+7 3.595000E-2 1.980000E+7 3.745000E-2 1.990000E+7 3.850000E-2   41
 2.000000E+7 3.895000E-2 2.010000E+7 3.879000E-2 2.020000E+7 3.820000E-2   42
 2.030000E+7 3.744000E-2 2.040000E+7 3.679000E-2 2.050000E+7 3.649000E-2   43
 2.060000E+7 3.669000E-2 2.070000E+7 3.745000E-2 2.080000E+7 3.873000E-2   44
 2.090000E+7 4.033000E-2 2.100000E+7 4.191000E-2 2.110000E+7 4.303000E-2   45
 2.120000E+7 4.335000E-2 2.130000E+7 4.278000E-2 2.140000E+7 4.157000E-2   46
 2.150000E+7 4.015000E-2 2.160000E+7 3.893000E-2 2.170000E+7 3.815000E-2   47
 2.180000E+7 3.785000E-2 2.190000E+7 3.789000E-2 2.200000E+7 3.797000E-2   48
 2.210000E+7 3.773000E-2 2.220000E+7 3.693000E-2 2.230000E+7 3.560000E-2   49
 2.240000E+7 3.398000E-2 2.250000E+7 3.237000E-2 2.260000E+7 3.099000E-2   50
 2.270000E+7 2.995000E-2 2.280000E+7 2.924000E-2 2.290000E+7 2.880000E-2   51
 2.300000E+7 2.849000E-2 2.310000E+7 2.820000E-2 2.320000E+7 2.781000E-2   52
 2.330000E+7 2.727000E-2 2.340000E+7 2.661000E-2 2.350000E+7 2.590000E-2   53
 2.360000E+7 2.522000E-2 2.370000E+7 2.466000E-2 2.380000E+7 2.425000E-2   54
 2.390000E+7 2.400000E-2 2.400000E+7 2.384000E-2 2.410000E+7 2.368000E-2   55
 2.420000E+7 2.344000E-2 2.430000E+7 2.306000E-2 2.440000E+7 2.261000E-2   56
 2.450000E+7 2.215000E-2 2.460000E+7 2.179000E-2 2.470000E+7 2.157000E-2   57
 2.480000E+7 2.151000E-2 2.490000E+7 2.159000E-2 2.500000E+7 2.175000E-2   58
 2.510000E+7 2.191000E-2 2.520000E+7 2.200000E-2 2.530000E+7 2.195000E-2   59
 2.540000E+7 2.174000E-2 2.550000E+7 2.139000E-2 2.560000E+7 2.097000E-2   60
 2.570000E+7 2.054000E-2 2.580000E+7 2.014000E-2 2.590000E+7 1.979000E-2   61
 2.600000E+7 1.951000E-2 2.610000E+7 1.930000E-2 2.620000E+7 1.915000E-2   62
 2.630000E+7 1.905000E-2 2.640000E+7 1.900000E-2 2.650000E+7 1.897000E-2   63
 2.660000E+7 1.897000E-2 2.670000E+7 1.899000E-2 2.680000E+7 1.901000E-2   64
 2.690000E+7 1.904000E-2 2.700000E+7 1.906000E-2 2.710000E+7 1.908000E-2   65
 2.720000E+7 1.909000E-2 2.730000E+7 1.909000E-2 2.740000E+7 1.907000E-2   66
 2.750000E+7 1.904000E-2 2.760000E+7 1.899000E-2 2.770000E+7 1.893000E-2   67
 2.780000E+7 1.885000E-2 2.790000E+7 1.876000E-2 2.800000E+7 1.865000E-2   68
 2.810000E+7 1.853000E-2 2.820000E+7 1.841000E-2 2.830000E+7 1.827000E-2   69
 2.840000E+7 1.812000E-2 2.850000E+7 1.798000E-2 2.860000E+7 1.782000E-2   70
 2.870000E+7 1.767000E-2 2.880000E+7 1.751000E-2 2.890000E+7 1.735000E-2   71
 2.900000E+7 1.719000E-2 2.910000E+7 1.704000E-2 2.920000E+7 1.688000E-2   72
 2.930000E+7 1.673000E-2 2.940000E+7 1.659000E-2 2.950000E+7 1.644000E-2   73
 2.960000E+7 1.631000E-2 2.970000E+7 1.617000E-2 2.980000E+7 1.604000E-2   74
 2.990000E+7 1.592000E-2 3.000000E+7 1.580000E-2 3.020000E+7 1.557000E-2   75
 3.040000E+7 1.535000E-2 3.060000E+7 1.515000E-2 3.080000E+7 1.497000E-2   76
 3.100000E+7 1.479000E-2 3.120000E+7 1.461000E-2 3.140000E+7 1.445000E-2   77
 3.160000E+7 1.429000E-2 3.180000E+7 1.412000E-2 3.200000E+7 1.396000E-2   78
 3.220000E+7 1.380000E-2 3.240000E+7 1.364000E-2 3.260000E+7 1.347000E-2   79
 3.280000E+7 1.330000E-2 3.300000E+7 1.313000E-2 3.320000E+7 1.295000E-2   80
 3.340000E+7 1.277000E-2 3.360000E+7 1.259000E-2 3.380000E+7 1.240000E-2   81
 3.400000E+7 1.222000E-2 3.420000E+7 1.203000E-2 3.440000E+7 1.183000E-2   82
 3.460000E+7 1.164000E-2 3.480000E+7 1.145000E-2 3.500000E+7 1.125000E-2   83
 3.520000E+7 1.106000E-2 3.540000E+7 1.087000E-2 3.560000E+7 1.068000E-2   84
 3.580000E+7 1.049000E-2 3.600000E+7 1.030000E-2 3.620000E+7 1.011000E-2   85
 3.640000E+7 9.932000E-3 3.660000E+7 9.753000E-3 3.680000E+7 9.578000E-3   86
 3.700000E+7 9.405000E-3 3.720000E+7 9.236000E-3 3.740000E+7 9.071000E-3   87
 3.760000E+7 8.910000E-3 3.780000E+7 8.753000E-3 3.800000E+7 8.600000E-3   88
 3.820000E+7 8.450000E-3 3.840000E+7 8.305000E-3 3.860000E+7 8.164000E-3   89
 3.880000E+7 8.027000E-3 3.900000E+7 7.894000E-3 3.920000E+7 7.765000E-3   90
 3.940000E+7 7.640000E-3 3.960000E+7 7.518000E-3 3.980000E+7 7.400000E-3   91
 4.000000E+7 7.286000E-3 4.050000E+7 7.017000E-3 4.100000E+7 6.768000E-3   92
 4.200000E+7 6.327000E-3 4.300000E+7 5.954000E-3 4.400000E+7 5.636000E-3   93
 4.500000E+7 5.366000E-3 4.600000E+7 5.135000E-3 4.700000E+7 4.937000E-3   94
 4.800000E+7 4.766000E-3 4.900000E+7 4.619000E-3 5.000000E+7 4.490000E-3   95
 5.200000E+7 4.278000E-3 5.400000E+7 4.114000E-3 5.600000E+7 3.982000E-3   96
 5.800000E+7 3.875000E-3 6.000000E+7 3.786000E-3 6.200000E+7 3.710000E-3   97
 6.400000E+7 3.644000E-3 6.600000E+7 3.585000E-3 6.800000E+7 3.531000E-3   98
 7.000000E+7 3.481000E-3 7.200000E+7 3.434000E-3 7.400000E+7 3.388000E-3   99
 7.600000E+7 3.343000E-3 7.800000E+7 3.300000E-3 8.000000E+7 3.257000E-3  100
 8.200000E+7 3.214000E-3 8.400000E+7 3.171000E-3 8.600000E+7 3.128000E-3  101
 8.800000E+7 3.085000E-3 9.000000E+7 3.041000E-3 9.200000E+7 2.997000E-3  102
 9.400000E+7 2.953000E-3 9.600000E+7 2.909000E-3 9.800000E+7 2.865000E-3  103
 1.000000E+8 2.821000E-3 1.020000E+8 2.776000E-3 1.040000E+8 2.732000E-3  104
 1.060000E+8 2.688000E-3 1.080000E+8 2.644000E-3 1.100000E+8 2.600000E-3  105
 1.120000E+8 2.557000E-3 1.140000E+8 2.514000E-3 1.160000E+8 2.472000E-3  106
 1.180000E+8 2.430000E-3 1.200000E+8 2.389000E-3 1.220000E+8 2.350000E-3  107
 1.240000E+8 2.311000E-3 1.260000E+8 2.273000E-3 1.280000E+8 2.236000E-3  108
 1.300000E+8 2.201000E-3 1.320000E+8 2.167000E-3 1.340000E+8 2.134000E-3  109
 1.360000E+8 2.103000E-3 1.380000E+8 2.074000E-3 1.400000E+8 2.046000E-3  110