1.000000E-5 0.000000E+0 1.000000E+0 0.000000E+0 1.000000E+4 0.000000E+0    4
 8.675000E+4 0.000000E+0 8.675000E+4 3.305820E-5 2.025120E+5 7.717200E-5    5
 2.148130E+6 8.185950E-4 2.541950E+6 9.686720E-4 3.698900E+6 1.409560E-3    6
 4.446840E+6 1.694570E-3 4.511910E+6 1.719370E-3 5.678540E+6 2.163940E-3    7
 5.703070E+6 2.173290E-3 5.777600E+6 2.201690E-3 6.217560E+6 2.369350E-3    8
 6.404780E+6 2.440690E-3 6.633370E+6 2.527800E-3 7.367820E+6 2.807680E-3    9
 7.450000E+6 2.839000E-3 7.500000E+6 4.659000E-3 7.600000E+6 8.300000E-3   10
 7.800000E+6 1.607000E-2 7.866350E+6 1.823580E-2 7.979570E+6 2.257160E-2   11
 7.993320E+6 2.315950E-2 8.000000E+6 2.345000E-2 8.008140E+6 2.368350E-2   12
 8.200000E+6 2.983000E-2 8.400000E+6 3.586000E-2 8.600000E+6 4.244000E-2   13
 8.681320E+6 4.538580E-2 8.800000E+6 5.000000E-2 9.000000E+6 5.842000E-2   14
 9.200000E+6 6.764000E-2 9.400000E+6 7.781000E-2 9.600000E+6 8.915000E-2   15
 9.762160E+6 9.937630E-2 9.800000E+6 1.019000E-1 1.000000E+7 1.162000E-1   16
 1.020000E+7 1.323000E-1 1.025490E+7 1.370950E-1 1.028300E+7 1.396070E-1   17
 1.040000E+7 1.505000E-1 1.060000E+7 1.711000E-1 1.080000E+7 1.945000E-1   18
 1.100000E+7 2.208000E-1 1.120000E+7 2.505000E-1 1.140000E+7 2.837000E-1   19
 1.143400E+7 2.897110E-1 1.149950E+7 3.016180E-1 1.160000E+7 3.207000E-1   20
 1.180000E+7 3.612000E-1 1.191470E+7 3.856820E-1 1.199560E+7 4.037980E-1   21
 1.200000E+7 4.048000E-1 1.220000E+7 4.505000E-1 1.240000E+7 4.965000E-1   22
 1.260000E+7 5.405000E-1 1.263220E+7 5.467030E-1 1.267210E+7 5.544530E-1   23
 1.280000E+7 5.799000E-1 1.287850E+7 5.921690E-1 1.289540E+7 5.948310E-1   24
 1.300000E+7 6.115000E-1 1.320000E+7 6.323000E-1 1.340000E+7 6.412000E-1   25
 1.360000E+7 6.373000E-1 1.377670E+7 6.234000E-1 1.380000E+7 6.216000E-1   26
 1.400000E+7 5.963000E-1 1.410560E+7 5.790170E-1 1.417700E+7 5.676860E-1   27
 1.420000E+7 5.641000E-1 1.439120E+7 5.291500E-1 1.440000E+7 5.276000E-1   28
 1.460000E+7 4.894000E-1 1.480000E+7 4.513000E-1 1.500000E+7 4.145000E-1   29
 1.510840E+7 3.953140E-1 1.520000E+7 3.799000E-1 1.538160E+7 3.505200E-1   30
 1.540000E+7 3.477000E-1 1.543360E+7 3.425430E-1 1.560000E+7 3.183000E-1   31
 1.560910E+7 3.170250E-1 1.567710E+7 3.077250E-1 1.580000E+7 2.917000E-1   32
 1.600000E+7 2.676000E-1 1.619420E+7 2.465050E-1 1.620000E+7 2.459000E-1   33
 1.640000E+7 2.265000E-1 1.660000E+7 2.090000E-1 1.680000E+7 1.932000E-1   34
 1.700000E+7 1.790000E-1 1.720000E+7 1.662000E-1 1.740000E+7 1.546000E-1   35
 1.754000E+7 1.471590E-1 1.760000E+7 1.441000E-1 1.760640E+7 1.437830E-1   36
 1.780000E+7 1.346000E-1 1.800000E+7 1.260000E-1 1.818510E+7 1.187600E-1   37
 1.820000E+7 1.182000E-1 1.840000E+7 1.110000E-1 1.860000E+7 1.044000E-1   38
 1.880000E+7 9.835000E-2 1.900000E+7 9.281000E-2 1.920000E+7 8.770000E-2   39
 1.940000E+7 8.297000E-2 1.960000E+7 7.860000E-2 1.980000E+7 7.455000E-2   40
 2.000000E+7 7.077000E-2 2.019470E+7 6.733980E-2 2.020000E+7 6.725000E-2   41
 2.036930E+7 6.447770E-2 2.040000E+7 6.399000E-2 2.060000E+7 6.092000E-2   42
 2.080000E+7 5.806000E-2 2.100000E+7 5.537000E-2 2.120000E+7 5.285000E-2   43
 2.140000E+7 5.046000E-2 2.160000E+7 4.823000E-2 2.180000E+7 4.612000E-2   44
 2.200000E+7 4.412000E-2 2.212540E+7 4.293000E-2 2.219380E+7 4.229680E-2   45
 2.220000E+7 4.224000E-2 2.224370E+7 4.183880E-2 2.240000E+7 4.044000E-2   46
 2.260000E+7 3.873000E-2 2.260960E+7 3.865070E-2 2.280000E+7 3.712000E-2   47
 2.300000E+7 3.558000E-2 2.320000E+7 3.412000E-2 2.333150E+7 3.319810E-2   48
 2.340000E+7 3.273000E-2 2.360000E+7 3.140000E-2 2.380000E+7 3.011000E-2   49
 2.384130E+7 2.985510E-2 2.400000E+7 2.890000E-2 2.400940E+7 2.884400E-2   50
 2.420000E+7 2.774000E-2 2.440000E+7 2.662000E-2 2.455470E+7 2.576430E-2   51
 2.458020E+7 2.562630E-2 2.460000E+7 2.552000E-2 2.463750E+7 2.531730E-2   52
 2.480000E+7 2.446000E-2 2.500000E+7 2.350000E-2 2.520000E+7 2.269000E-2   53
 2.521580E+7 2.263780E-2 2.540000E+7 2.204000E-2 2.543980E+7 2.193720E-2   54
 2.560000E+7 2.153000E-2 2.580000E+7 2.114000E-2 2.600000E+7 2.086000E-2   55
 2.620000E+7 2.067000E-2 2.631670E+7 2.060560E-2 2.640000E+7 2.056000E-2   56
 2.650300E+7 2.053930E-2 2.660000E+7 2.052000E-2 2.680000E+7 2.051000E-2   57
 2.686730E+7 2.052350E-2 2.700000E+7 2.055000E-2 2.720000E+7 2.060000E-2   58
 2.740000E+7 2.065000E-2 2.760000E+7 2.068000E-2 2.780000E+7 2.069000E-2   59
 2.800000E+7 2.069000E-2 2.820000E+7 2.066000E-2 2.840000E+7 2.062000E-2   60
 2.860000E+7 2.057000E-2 2.873570E+7 2.053600E-2 2.877080E+7 2.052730E-2   61
 2.880000E+7 2.052000E-2 2.892530E+7 2.047610E-2 2.900000E+7 2.045000E-2   62
 2.900990E+7 2.044700E-2 2.920000E+7 2.039000E-2 2.940000E+7 2.031000E-2   63
 2.960000E+7 2.024000E-2 2.980000E+7 2.018000E-2 3.000000E+7 2.012000E-2   64
 3.020000E+7 2.007000E-2 3.040000E+7 2.003000E-2 3.060000E+7 1.999000E-2   65
 3.080000E+7 1.996000E-2 3.100000E+7 1.994000E-2 3.120000E+7 1.992000E-2   66
 3.134730E+7 1.990530E-2 3.140000E+7 1.990000E-2 3.140250E+7 1.989990E-2   67
 3.160000E+7 1.989000E-2 3.180000E+7 1.988000E-2 3.200000E+7 1.986000E-2   68
 3.203070E+7 1.985850E-2 3.220000E+7 1.985000E-2 3.240000E+7 1.984000E-2   69
 3.260000E+7 1.983000E-2 3.276310E+7 1.982180E-2 3.280000E+7 1.982000E-2   70
 3.282230E+7 1.981890E-2 3.295600E+7 1.981220E-2 3.300000E+7 1.981000E-2   71
 3.301860E+7 1.980810E-2 3.320000E+7 1.979000E-2 3.340000E+7 1.976000E-2   72
 3.360000E+7 1.974000E-2 3.380000E+7 1.972000E-2 3.400000E+7 1.970000E-2   73
 3.420000E+7 1.968000E-2 3.440000E+7 1.965000E-2 3.460000E+7 1.962000E-2   74
 3.480000E+7 1.959000E-2 3.500000E+7 1.957000E-2 3.520000E+7 1.955000E-2   75
 3.540000E+7 1.952000E-2 3.560000E+7 1.949000E-2 3.580000E+7 1.947000E-2   76
 3.600000E+7 1.943000E-2 3.620000E+7 1.941000E-2 3.640000E+7 1.938000E-2   77
 3.660000E+7 1.935000E-2 3.680000E+7 1.933000E-2 3.687570E+7 1.931860E-2   78
 3.700000E+7 1.930000E-2 3.720000E+7 1.927000E-2 3.731960E+7 1.924600E-2   79
 3.737750E+7 1.923450E-2 3.740000E+7 1.923000E-2 3.750820E+7 1.920830E-2   80
 3.760000E+7 1.919000E-2 3.762990E+7 1.918550E-2 3.780000E+7 1.916000E-2   81
 3.798890E+7 1.913170E-2 3.800000E+7 1.913000E-2 3.820000E+7 1.909000E-2   82
 3.840000E+7 1.906000E-2 3.860000E+7 1.901000E-2 3.880000E+7 1.898000E-2   83
 3.900000E+7 1.894000E-2 3.911580E+7 1.892260E-2 3.920000E+7 1.891000E-2   84
 3.940000E+7 1.887000E-2 3.960000E+7 1.884000E-2 3.960310E+7 1.883940E-2   85
 3.980000E+7 1.880000E-2 4.000000E+7 1.876000E-2 4.070230E+7 1.865240E-2   86
 4.200000E+7 1.846000E-2 4.221970E+7 1.842950E-2 4.245430E+7 1.839720E-2   87
 4.250580E+7 1.839010E-2 4.267220E+7 1.836740E-2 4.332260E+7 1.827960E-2   88
 4.400000E+7 1.819000E-2 4.424360E+7 1.815370E-2 4.445490E+7 1.812250E-2   89
 4.460660E+7 1.810020E-2 4.600000E+7 1.790000E-2 4.800000E+7 1.761000E-2   90
 4.902390E+7 1.751150E-2 4.936030E+7 1.747970E-2 5.000000E+7 1.742000E-2   91
 5.056450E+7 1.734810E-2 5.101660E+7 1.729120E-2 5.133630E+7 1.725150E-2   92
 5.182100E+7 1.719180E-2 5.200000E+7 1.717000E-2 5.274060E+7 1.706080E-2   93
 5.296960E+7 1.702740E-2 5.400000E+7 1.688000E-2 5.437480E+7 1.682830E-2   94
 5.437600E+7 1.682810E-2 5.600000E+7 1.661000E-2 5.666680E+7 1.652870E-2   95
 5.764060E+7 1.641230E-2 5.800000E+7 1.637000E-2 5.957380E+7 1.621980E-2   96
 5.981090E+7 1.619760E-2 5.988380E+7 1.619080E-2 6.000000E+7 1.618000E-2   97
 6.008050E+7 1.617140E-2 6.071300E+7 1.610400E-2 6.193630E+7 1.597650E-2   98
 6.200000E+7 1.597000E-2 6.331960E+7 1.582370E-2 6.400000E+7 1.575000E-2   99
 6.400410E+7 1.574960E-2 6.496500E+7 1.564750E-2 6.600000E+7 1.554000E-2  100
 6.666720E+7 1.547910E-2 6.800000E+7 1.536000E-2 6.835760E+7 1.532910E-2  101
 6.851410E+7 1.531560E-2 6.917070E+7 1.525970E-2 7.000000E+7 1.519000E-2  102
 7.146920E+7 1.505710E-2 7.178540E+7 1.502900E-2 7.200000E+7 1.501000E-2  103
 7.216710E+7 1.499300E-2 7.307930E+7 1.490110E-2 7.400000E+7 1.481000E-2  104
 7.600000E+7 1.462000E-2 7.637680E+7 1.458560E-2 7.800000E+7 1.444000E-2  105
 7.873610E+7 1.438420E-2 8.000000E+7 1.429000E-2 8.002830E+7 1.428740E-2  106
 8.099080E+7 1.420000E-2 8.122760E+7 1.417870E-2 8.156130E+7 1.414890E-2  107
 8.200000E+7 1.411000E-2 8.400000E+7 1.398000E-2 8.480790E+7 1.392700E-2  108
 8.575210E+7 1.386590E-2 8.600000E+7 1.385000E-2 8.667890E+7 1.379850E-2  109
 8.800000E+7 1.370000E-2 8.844610E+7 1.366840E-2 8.914370E+7 1.361940E-2  110
 9.000000E+7 1.356000E-2 9.200000E+7 1.345000E-2 9.319940E+7 1.337760E-2  111
 9.400000E+7 1.333000E-2 9.437890E+7 1.330510E-2 9.514840E+7 1.325490E-2  112
 9.600000E+7 1.320000E-2 9.653510E+7 1.316750E-2 9.675480E+7 1.315430E-2  113
 9.800000E+7 1.308000E-2 1.000000E+8 1.297000E-2 1.020000E+8 1.286000E-2  114
 1.029110E+8 1.280490E-2 1.032410E+8 1.278510E-2 1.040000E+8 1.274000E-2  115
 1.040630E+8 1.273750E-2 1.043440E+8 1.272610E-2 1.060000E+8 1.266000E-2  116
 1.061800E+8 1.265270E-2 1.080000E+8 1.258000E-2 1.100000E+8 1.247000E-2  117
 1.105120E+8 1.244670E-2 1.120000E+8 1.238000E-2 1.127200E+8 1.235100E-2  118
 1.127750E+8 1.234880E-2 1.140000E+8 1.230000E-2 1.145840E+8 1.227650E-2  119
 1.160000E+8 1.222000E-2 1.180000E+8 1.213000E-2 1.197190E+8 1.205250E-2  120
 1.200000E+8 1.204000E-2 1.205520E+8 1.202330E-2 1.217450E+8 1.198760E-2  121
 1.220000E+8 1.198000E-2 1.240000E+8 1.192000E-2 1.243460E+8 1.190950E-2  122
 1.260000E+8 1.186000E-2 1.280000E+8 1.180000E-2 1.283280E+8 1.179010E-2  123
 1.296620E+8 1.175010E-2 1.299680E+8 1.174090E-2 1.300000E+8 1.174000E-2  124
 1.317270E+8 1.171410E-2 1.320000E+8 1.171000E-2 1.340000E+8 1.167000E-2  125
 1.360000E+8 1.161000E-2 1.380000E+8 1.156000E-2 1.386690E+8 1.153980E-2  126
 1.400000E+8 1.150000E-2