1e-05 0
1 0
10000 0
86750 0
86750 3.30582e-05
202512 7.7172e-05
2.14813e+06 0.000818595
2.54195e+06 0.000968672
3.6989e+06 0.00140956
4.44684e+06 0.00169457
4.51191e+06 0.00171937
5.67854e+06 0.00216394
5.70307e+06 0.00217329
5.7776e+06 0.00220169
6.21756e+06 0.00236935
6.40478e+06 0.00244069
6.63337e+06 0.0025278
7.36782e+06 0.00280768
7.45e+06 0.002839
7.5e+06 0.004659
7.6e+06 0.0083
7.8e+06 0.01607
7.86635e+06 0.0182358
7.97957e+06 0.0225716
7.99332e+06 0.0231595
8e+06 0.02345
8.00814e+06 0.0236835
8.2e+06 0.02983
8.4e+06 0.03586
8.6e+06 0.04244
8.68132e+06 0.0453858
8.8e+06 0.05
9e+06 0.05842
9.2e+06 0.06764
9.4e+06 0.07781
9.6e+06 0.08915
9.76216e+06 0.0993763
9.8e+06 0.1019
1e+07 0.1162
1.02e+07 0.1323
1.02549e+07 0.137095
1.0283e+07 0.139607
1.04e+07 0.1505
1.06e+07 0.1711
1.08e+07 0.1945
1.1e+07 0.2208
1.12e+07 0.2505
1.14e+07 0.2837
1.1434e+07 0.289711
1.14995e+07 0.301618
1.16e+07 0.3207
1.18e+07 0.3612
1.19147e+07 0.385682
1.19956e+07 0.403798
1.2e+07 0.4048
1.22e+07 0.4505
1.24e+07 0.4965
1.26e+07 0.5405
1.26322e+07 0.546703
1.26721e+07 0.554453
1.28e+07 0.5799
1.28785e+07 0.592169
1.28954e+07 0.594831
1.3e+07 0.6115
1.32e+07 0.6323
1.34e+07 0.6412
1.36e+07 0.6373
1.37767e+07 0.6234
1.38e+07 0.6216
1.4e+07 0.5963
1.41056e+07 0.579017
1.4177e+07 0.567686
1.42e+07 0.5641
1.43912e+07 0.52915
1.44e+07 0.5276
1.46e+07 0.4894
1.48e+07 0.4513
1.5e+07 0.4145
1.51084e+07 0.395314
1.52e+07 0.3799
1.53816e+07 0.35052
1.54e+07 0.3477
1.54336e+07 0.342543
1.56e+07 0.3183
1.56091e+07 0.317025
1.56771e+07 0.307725
1.58e+07 0.2917
1.6e+07 0.2676
1.61942e+07 0.246505
1.62e+07 0.2459
1.64e+07 0.2265
1.66e+07 0.209
1.68e+07 0.1932
1.7e+07 0.179
1.72e+07 0.1662
1.74e+07 0.1546
1.754e+07 0.147159
1.76e+07 0.1441
1.76064e+07 0.143783
1.78e+07 0.1346
1.8e+07 0.126
1.81851e+07 0.11876
1.82e+07 0.1182
1.84e+07 0.111
1.86e+07 0.1044
1.88e+07 0.09835
1.9e+07 0.09281
1.92e+07 0.0877
1.94e+07 0.08297
1.96e+07 0.0786
1.98e+07 0.07455
2e+07 0.07077
2.01947e+07 0.0673398
2.02e+07 0.06725
2.03693e+07 0.0644777
2.04e+07 0.06399
2.06e+07 0.06092
2.08e+07 0.05806
2.1e+07 0.05537
2.12e+07 0.05285
2.14e+07 0.05046
2.16e+07 0.04823
2.18e+07 0.04612
2.2e+07 0.04412
2.21254e+07 0.04293
2.21938e+07 0.0422968
2.22e+07 0.04224
2.22437e+07 0.0418388
2.24e+07 0.04044
2.26e+07 0.03873
2.26096e+07 0.0386507
2.28e+07 0.03712
2.3e+07 0.03558
2.32e+07 0.03412
2.33315e+07 0.0331981
2.34e+07 0.03273
2.36e+07 0.0314
2.38e+07 0.03011
2.38413e+07 0.0298551
2.4e+07 0.0289
2.40094e+07 0.028844
2.42e+07 0.02774
2.44e+07 0.02662
2.45547e+07 0.0257643
2.45802e+07 0.0256263
2.46e+07 0.02552
2.46375e+07 0.0253173
2.48e+07 0.02446
2.5e+07 0.0235
2.52e+07 0.02269
2.52158e+07 0.0226378
2.54e+07 0.02204
2.54398e+07 0.0219372
2.56e+07 0.02153
2.58e+07 0.02114
2.6e+07 0.02086
2.62e+07 0.02067
2.63167e+07 0.0206056
2.64e+07 0.02056
2.6503e+07 0.0205393
2.66e+07 0.02052
2.68e+07 0.02051
2.68673e+07 0.0205235
2.7e+07 0.02055
2.72e+07 0.0206
2.74e+07 0.02065
2.76e+07 0.02068
2.78e+07 0.02069
2.8e+07 0.02069
2.82e+07 0.02066
2.84e+07 0.02062
2.86e+07 0.02057
2.87357e+07 0.020536
2.87708e+07 0.0205273
2.88e+07 0.02052
2.89253e+07 0.0204761
2.9e+07 0.02045
2.90099e+07 0.020447
2.92e+07 0.02039
2.94e+07 0.02031
2.96e+07 0.02024
2.98e+07 0.02018
3e+07 0.02012
3.02e+07 0.02007
3.04e+07 0.02003
3.06e+07 0.01999
3.08e+07 0.01996
3.1e+07 0.01994
3.12e+07 0.01992
3.13473e+07 0.0199053
3.14e+07 0.0199
3.14025e+07 0.0198999
3.16e+07 0.01989
3.18e+07 0.01988
3.2e+07 0.01986
3.20307e+07 0.0198585
3.22e+07 0.01985
3.24e+07 0.01984
3.26e+07 0.01983
3.27631e+07 0.0198218
3.28e+07 0.01982
3.28223e+07 0.0198189
3.2956e+07 0.0198122
3.3e+07 0.01981
3.30186e+07 0.0198081
3.32e+07 0.01979
3.34e+07 0.01976
3.36e+07 0.01974
3.38e+07 0.01972
3.4e+07 0.0197
3.42e+07 0.01968
3.44e+07 0.01965
3.46e+07 0.01962
3.48e+07 0.01959
3.5e+07 0.01957
3.52e+07 0.01955
3.54e+07 0.01952
3.56e+07 0.01949
3.58e+07 0.01947
3.6e+07 0.01943
3.62e+07 0.01941
3.64e+07 0.01938
3.66e+07 0.01935
3.68e+07 0.01933
3.68757e+07 0.0193186
3.7e+07 0.0193
3.72e+07 0.01927
3.73196e+07 0.019246
3.73775e+07 0.0192345
3.74e+07 0.01923
3.75082e+07 0.0192083
3.76e+07 0.01919
3.76299e+07 0.0191855
3.78e+07 0.01916
3.79889e+07 0.0191317
3.8e+07 0.01913
3.82e+07 0.01909
3.84e+07 0.01906
3.86e+07 0.01901
3.88e+07 0.01898
3.9e+07 0.01894
3.91158e+07 0.0189226
3.92e+07 0.01891
3.94e+07 0.01887
3.96e+07 0.01884
3.96031e+07 0.0188394
3.98e+07 0.0188
4e+07 0.01876
4.07023e+07 0.0186524
4.2e+07 0.01846
4.22197e+07 0.0184295
4.24543e+07 0.0183972
4.25058e+07 0.0183901
4.26722e+07 0.0183674
4.33226e+07 0.0182796
4.4e+07 0.01819
4.42436e+07 0.0181537
4.44549e+07 0.0181225
4.46066e+07 0.0181002
4.6e+07 0.0179
4.8e+07 0.01761
4.90239e+07 0.0175115
4.93603e+07 0.0174797
5e+07 0.01742
5.05645e+07 0.0173481
5.10166e+07 0.0172912
5.13363e+07 0.0172515
5.1821e+07 0.0171918
5.2e+07 0.01717
5.27406e+07 0.0170608
5.29696e+07 0.0170274
5.4e+07 0.01688
5.43748e+07 0.0168283
5.4376e+07 0.0168281
5.6e+07 0.01661
5.66668e+07 0.0165287
5.76406e+07 0.0164123
5.8e+07 0.01637
5.95738e+07 0.0162198
5.98109e+07 0.0161976
5.98838e+07 0.0161908
6e+07 0.01618
6.00805e+07 0.0161714
6.0713e+07 0.016104
6.19363e+07 0.0159765
6.2e+07 0.01597
6.33196e+07 0.0158237
6.4e+07 0.01575
6.40041e+07 0.0157496
6.4965e+07 0.0156475
6.6e+07 0.01554
6.66672e+07 0.0154791
6.8e+07 0.01536
6.83576e+07 0.0153291
6.85141e+07 0.0153156
6.91707e+07 0.0152597
7e+07 0.01519
7.14692e+07 0.0150571
7.17854e+07 0.015029
7.2e+07 0.01501
7.21671e+07 0.014993
7.30793e+07 0.0149011
7.4e+07 0.01481
7.6e+07 0.01462
7.63768e+07 0.0145856
7.8e+07 0.01444
7.87361e+07 0.0143842
8e+07 0.01429
8.00283e+07 0.0142874
8.09908e+07 0.0142
8.12276e+07 0.0141787
8.15613e+07 0.0141489
8.2e+07 0.01411
8.4e+07 0.01398
8.48079e+07 0.013927
8.57521e+07 0.0138659
8.6e+07 0.01385
8.66789e+07 0.0137985
8.8e+07 0.0137
8.84461e+07 0.0136684
8.91437e+07 0.0136194
9e+07 0.01356
9.2e+07 0.01345
9.31994e+07 0.0133776
9.4e+07 0.01333
9.43789e+07 0.0133051
9.51484e+07 0.0132549
9.6e+07 0.0132
9.65351e+07 0.0131675
9.67548e+07 0.0131543
9.8e+07 0.01308
1e+08 0.01297
1.02e+08 0.01286
1.02911e+08 0.0128049
1.03241e+08 0.0127851
1.04e+08 0.01274
1.04063e+08 0.0127375
1.04344e+08 0.0127261
1.06e+08 0.01266
1.0618e+08 0.0126527
1.08e+08 0.01258
1.1e+08 0.01247
1.10512e+08 0.0124467
1.12e+08 0.01238
1.1272e+08 0.012351
1.12775e+08 0.0123488
1.14e+08 0.0123
1.14584e+08 0.0122765
1.16e+08 0.01222
1.18e+08 0.01213
1.19719e+08 0.0120525
1.2e+08 0.01204
1.20552e+08 0.0120233
1.21745e+08 0.0119876
1.22e+08 0.01198
1.24e+08 0.01192
1.24346e+08 0.0119095
1.26e+08 0.01186
1.28e+08 0.0118
1.28328e+08 0.0117901
1.29662e+08 0.0117501
1.29968e+08 0.0117409
1.3e+08 0.01174
1.31727e+08 0.0117141
1.32e+08 0.01171
1.34e+08 0.01167
1.36e+08 0.01161
1.38e+08 0.01156
1.38669e+08 0.0115398